-2.5 -2.3807 -2.2622 -2.1449 -2.0286 -1.9136 -1.8 -1.6878 -1.5771 -1.468 -1.3607 -1.2553 -1.1516 -1.0499 -0.95019 -0.85238 -0.75648 -0.66243 -0.57012 -0.47942 -0.39015 -0.30211 -0.21506 -0.12874 -0.042863 0.042863 0.12874 0.21506 0.30211 0.39015 0.47942 0.57012 0.66243 0.75648 0.85238 0.95019 1.0499 1.1516 1.2553 1.3607 1.468 1.5771 1.6878 1.8 1.9136 2.0286 2.1449 2.2622 2.3807 2.5
-2.5 -2.3798 -2.2606 -2.1424 -2.0253 -1.9094 -1.795 -1.6819 -1.5705 -1.4608 -1.3529 -1.2469 -1.1429 -1.041 -0.94117 -0.84344 -0.7478 -0.65419 -0.56251 -0.47262 -0.38433 -0.29741 -0.21161 -0.12663 -0.042155 0.042155 0.12663 0.21161 0.29741 0.38433 0.47262 0.56251 0.65419 0.7478 0.84344 0.94117 1.041 1.1429 1.2469 1.3529 1.4608 1.5705 1.6819 1.795 1.9094 2.0253 2.1424 2.2606 2.3798 2.5
-2.5 -2.379 -2.2588 -2.1397 -2.0217 -1.905 -1.7896 -1.6757 -1.5634 -1.453 -1.3444 -1.2378 -1.1334 -1.0311 -0.93116 -0.83349 -0.7381 -0.64496 -0.55396 -0.46495 -0.37775 -0.29209 -0.2077 -0.12424 -0.041349 0.041349 0.12424 0.2077 0.29209 0.37775 0.46495 0.55396 0.64496 0.7381 0.83349 0.93116 1.0311 1.1334 1.2378 1.3444 1.453 1.5634 1.6757 1.7896 1.905 2.0217 2.1397 2.2588 2.379 2.5
-2.5 -2.3781 -2.257 -2.1369 -2.0179 -1.9002 -1.7838 -1.669 -1.5558 -1.4444 -1.3351 -1.2278 -1.1228 -1.0202 -0.92004 -0.82237 -0.72723 -0.63457 -0.54429 -0.45627 -0.37027 -0.28604 -0.20324 -0.12151 -0.040429 0.040429 0.12151 0.20324 0.28604 0.37027 0.45627 0.54429 0.63457 0.72723 0.82237 0.92004 1.0202 1.1228 1.2278 1.3351 1.4444 1.5558 1.669 1.7838 1.9002 2.0179 2.1369 2.257 2.3781 2.5
-2.5 -2.3771 -2.2551 -2.134 -2.0139 -1.8951 -1.7776 -1.6617 -1.5475 -1.4352 -1.3249 -1.2169 -1.1112 -1.0081 -0.90764 -0.80993 -0.71499 -0.62282 -0.53333 -0.44638 -0.36173 -0.2791 -0.19812 -0.11837 -0.039371 0.039371 0.11837 0.19812 0.2791 0.36173 0.44638 0.53333 0.62282 0.71499 0.80993 0.90764 1.0081 1.1112 1.2169 1.3249 1.4352 1.5475 1.6617 1.7776 1.8951 2.0139 2.134 2.2551 2.3771 2.5
-2.5 -2.3761 -2.253 -2.1308 -2.0097 -1.8897 -1.7711 -1.6539 -1.5386 -1.4251 -1.3138 -1.2048 -1.0984 -0.99463 -0.89379 -0.79594 -0.70117 -0.60949 -0.52083 -0.43505 -0.35192 -0.27111 -0.19221 -0.11474 -0.038147 0.038147 0.11474 0.19221 0.27111 0.35192 0.43505 0.52083 0.60949 0.70117 0.79594 0.89379 0.99463 1.0984 1.2048 1.3138 1.4251 1.5386 1.6539 1.7711 1.8897 2.0097 2.1308 2.253 2.3761 2.5
-2.5 -2.3751 -2.2509 -2.1276 -2.0052 -1.8839 -1.764 -1.6456 -1.5289 -1.4142 -1.3017 -1.1916 -1.0841 -0.97964 -0.87826 -0.78018 -0.6855 -0.59429 -0.5065 -0.42201 -0.34057 -0.26183 -0.18533 -0.11051 -0.036718 0.036718 0.11051 0.18533 0.26183 0.34057 0.42201 0.5065 0.59429 0.6855 0.78018 0.87826 0.97964 1.0841 1.1916 1.3017 1.4142 1.5289 1.6456 1.764 1.8839 2.0052 2.1276 2.2509 2.3751 2.5
-2.5 -2.374 -2.2487 -2.1241 -2.0005 -1.8778 -1.7565 -1.6366 -1.5185 -1.4023 -1.2884 -1.177 -1.0684 -0.96292 -0.86083 -0.76235 -0.66766 -0.57687 -0.48999 -0.4069 -0.32736 -0.251 -0.17727 -0.10553 -0.035038 0.035038 0.10553 0.17727 0.251 0.32736 0.4069 0.48999 0.57687 0.66766 0.76235 0.86083 0.96292 1.0684 1.177 1.2884 1.4023 1.5185 1.6366 1.7565 1.8778 2.0005 2.1241 2.2487 2.374 2.5
-2.5 -2.3729 -2.2464 -2.1205 -1.9955 -1.8714 -1.7485 -1.6271 -1.5073 -1.3895 -1.2739 -1.1609 -1.0509 -0.94425 -0.8412 -0.74212 -0.64727 -0.55682 -0.47084 -0.38927 -0.31187 -0.23822 -0.16773 -0.09964 -0.033044 0.033044 0.09964 0.16773 0.23822 0.31187 0.38927 0.47084 0.55682 0.64727 0.74212 0.8412 0.94425 1.0509 1.1609 1.2739 1.3895 1.5073 1.6271 1.7485 1.8714 1.9955 2.1205 2.2464 2.3729 2.5
-2.5 -2.3718 -2.244 -2.1168 -1.9903 -1.8646 -1.7401 -1.6169 -1.4953 -1.3755 -1.2581 -1.1433 -1.0316 -0.92337 -0.81907 -0.71911 -0.62386 -0.53361 -0.44851 -0.36856 -0.29354 -0.22303 -0.15634 -0.09258 -0.030651 0.030651 0.09258 0.15634 0.22303 0.29354 0.36856 0.44851 0.53361 0.62386 0.71911 0.81907 0.92337 1.0316 1.1433 1.2581 1.3755 1.4953 1.6169 1.7401 1.8646 1.9903 2.1168 2.244 2.3718 2.5
-2.5 -2.3706 -2.2416 -2.1129 -1.9849 -1.8576 -1.7312 -1.606 -1.4824 -1.3605 -1.2409 -1.124 -1.0102 -0.90002 -0.79407 -0.69287 -0.59691 -0.50662 -0.42229 -0.34403 -0.27168 -0.20479 -0.1426 -0.084027 -0.027748 0.027748 0.084027 0.1426 0.20479 0.27168 0.34403 0.42229 0.50662 0.59691 0.69287 0.79407 0.90002 1.0102 1.124 1.2409 1.3605 1.4824 1.606 1.7312 1.8576 1.9849 2.1129 2.2416 2.3706 2.5
-2.5 -2.3695 -2.2391 -2.109 -1.9793 -1.8502 -1.7219 -1.5946 -1.4687 -1.3444 -1.2223 -1.1028 -0.98648 -0.87392 -0.76582 -0.66286 -0.56574 -0.47506 -0.39131 -0.31475 -0.24533 -0.18263 -0.1258 -0.07353 -0.024176 0.024176 0.07353 0.1258 0.18263 0.24533 0.31475 0.39131 0.47506 0.56574 0.66286 0.76582 0.87392 0.98648 1.1028 1.2223 1.3444 1.4687 1.5946 1.7219 1.8502 1.9793 2.109 2.2391 2.3695 2.5
-2.5 -2.3683 -2.2365 -2.1049 -1.9735 -1.8425 -1.7121 -1.5826 -1.4541 -1.3272 -1.2022 -1.0797 -0.96034 -0.84479 -0.73389 -0.62852 -0.52959 -0.43797 -0.35443 -0.27947 -0.21324 -0.15539 -0.10498 -0.060454 -0.019716 0.019716 0.060454 0.10498 0.15539 0.21324 0.27947 0.35443 0.43797 0.52959 0.62852 0.73389 0.84479 0.96034 1.0797 1.2022 1.3272 1.4541 1.5826 1.7121 1.8425 1.9735 2.1049 2.2365 2.3683 2.5
-2.5 -2.3671 -2.234 -2.1008 -1.9677 -1.8347 -1.7021 -1.5701 -1.4389 -1.3089 -1.1807 -1.0547 -0.93163 -0.81237 -0.69786 -0.5892 -0.48757 -0.39421 -0.31024 -0.23658 -0.17369 -0.12142 -0.078776 -0.043885 -0.014044 0.014044 0.043885 0.078776 0.12142 0.17369 0.23658 0.31024 0.39421 0.48757 0.5892 0.69786 0.81237 0.93163 1.0547 1.1807 1.3089 1.4389 1.5701 1.7021 1.8347 1.9677 2.1008 2.234 2.3671 2.5
-2.5 -2.3659 -2.2314 -2.0967 -1.9618 -1.8268 -1.6918 -1.5571 -1.423 -1.2897 -1.1577 -1.0277 -0.9003 -0.77648 -0.65735 -0.54425 -0.4387 -0.34237 -0.25695 -0.18393 -0.12434 -0.078397 -0.04519 -0.022466 -0.0066789 0.0066789 0.022466 0.04519 0.078397 0.12434 0.18393 0.25695 0.34237 0.4387 0.54425 0.65735 0.77648 0.9003 1.0277 1.1577 1.2897 1.423 1.5571 1.6918 1.8268 1.9618 2.0967 2.2314 2.3659 2.5
-2.5 -2.3647 -2.2289 -2.0927 -1.9559 -1.8188 -1.6815 -1.544 -1.4066 -1.2697 -1.1336 -0.99894 -0.86643 -0.73705 -0.61206 -0.49304 -0.3819 -0.28085 -0.19232 -0.11869 -0.061904 -0.022948 -0.0012288 0 0 0 0 0.0012288 0.022948 0.061904 0.11869 0.19232 0.28085 0.3819 0.49304 0.61206 0.73705 0.86643 0.99894 1.1336 1.2697 1.4066 1.544 1.6815 1.8188 1.9559 2.0927 2.2289 2.3647 2.5
-2.5 -2.3636 -2.2265 -2.0887 -1.9502 -1.811 -1.6711 -1.5308 -1.3901 -1.2492 -1.1086 -0.9687 -0.83024 -0.6942 -0.56191 -0.43513 -0.31617 -0.20788 -0.11364 -0.037124 0 0 0 0 0 0 0 0 0 0 0.037124 0.11364 0.20788 0.31617 0.43513 0.56191 0.6942 0.83024 0.9687 1.1086 1.2492 1.3901 1.5308 1.6711 1.811 1.9502 2.0887 2.2265 2.3636 2.5
-2.5 -2.3626 -2.2242 -2.0849 -1.9446 -1.8033 -1.6611 -1.5178 -1.3736 -1.2286 -1.0831 -0.93745 -0.79224 -0.64837 -0.50714 -0.3704 -0.24076 -0.12171 -0.017785 0 0 0 0 0 0 0 0 0 0 0 0 0.017785 0.12171 0.24076 0.3704 0.50714 0.64837 0.79224 0.93745 1.0831 1.2286 1.3736 1.5178 1.6611 1.8033 1.9446 2.0849 2.2242 2.3626 2.5
-2.5 -2.3616 -2.2221 -2.0814 -1.9394 -1.7961 -1.6514 -1.5052 -1.3576 -1.2084 -1.0577 -0.90591 -0.75325 -0.60043 -0.44856 -0.29937 -0.15554 -0.021035 0 0 0 0 0 0 0 0 0 0 0 0 0 0 0.021035 0.15554 0.29937 0.44856 0.60043 0.75325 0.90591 1.0577 1.2084 1.3576 1.5052 1.6514 1.7961 1.9394 2.0814 2.2221 2.3616 2.5
-2.5 -2.3607 -2.2201 -2.0781 -1.9346 -1.7895 -1.6425 -1.4935 -1.3424 -1.1891 -1.0333 -0.87504 -0.71444 -0.55178 -0.38772 -0.22356 -0.061613 0 0 0 0 0 0 0 0 0 0 0 0 0 0 0 0 0.061613 0.22356 0.38772 0.55178 0.71444 0.87504 1.0333 1.1891 1.3424 1.4935 1.6425 1.7895 1.9346 2.0781 2.2201 2.3607 2.5
-2.5 -2.3599 -2.2184 -2.0753 -1.9304 -1.7836 -1.6345 -1.483 -1.3287 -1.1714 -1.0106 -0.84605 -0.67741 -0.50445 -0.32714 -0.14592 0 0 0 0 0 0 0 0 0 0 0 0 0 0 0 0 0 0 0.14592 0.32714 0.50445 0.67741 0.84605 1.0106 1.1714 1.3287 1.483 1.6345 1.7836 1.9304 2.0753 2.2184 2.3599 2.5
-2.5 -2.3593 -2.217 -2.0729 -1.9269 -1.7786 -1.6278 -1.474 -1.3169 -1.156 -0.99073 -0.82033 -0.64407 -0.46105 -0.27036 -0.071113 0 0 0 0 0 0 0 0 0 0 0 0 0 0 0 0 0 0 0.071113 0.27036 0.46105 0.64407 0.82033 0.99073 1.156 1.3169 1.474 1.6278 1.7786 1.9269 2.0729 2.217 2.3593 2.5
-2.5 -2.3588 -2.2159 -2.0711 -1.9241 -1.7747 -1.6225 -1.4669 -1.3076 -1.1438 -0.97469 -0.79935 -0.61651 -0.42463 -0.22174 -0.0054341 0 0 0 0 0 0 0 0 0 0 0 0 0 0 0 0 0 0 0.0054341 0.22174 0.42463 0.61651 0.79935 0.97469 1.1438 1.3076 1.4669 1.6225 1.7747 1.9241 2.0711 2.2159 2.3588 2.5
-2.5 -2.3585 -2.2151 -2.0698 -1.9223 -1.772 -1.6188 -1.462 -1.3011 -1.1352 -0.9634 -0.78446 -0.59677 -0.3982 -0.18591 0 0 0 0 0 0 0 0 0 0 0 0 0 0 0 0 0 0 0 0 0.18591 0.3982 0.59677 0.78446 0.9634 1.1352 1.3011 1.462 1.6188 1.772 1.9223 2.0698 2.2151 2.3585 2.5
-2.5 -2.3583 -2.2148 -2.0692 -1.9213 -1.7707 -1.6169 -1.4595 -1.2977 -1.1308 -0.95756 -0.77673 -0.58644 -0.38427 -0.16684 0 0 0 0 0 0 0 0 0 0 0 0 0 0 0 0 0 0 0 0 0.16684 0.38427 0.58644 0.77673 0.95756 1.1308 1.2977 1.4595 1.6169 1.7707 1.9213 2.0692 2.2148 2.3583 2.5
-2.5 -2.3583 -2.2148 -2.0692 -1.9213 -1.7707 -1.6169 -1.4595 -1.2977 -1.1308 -0.95756 -0.77673 -0.58644 -0.38427 -0.16684 0 0 0 0 0 0 0 0 0 0 0 0 0 0 0 0 0 0 0 0 0.16684 0.38427 0.58644 0.77673 0.95756 1.1308 1.2977 1.4595 1.6169 1.7707 1.9213 2.0692 2.2148 2.3583 2.5
-2.5 -2.3585 -2.2151 -2.0698 -1.9223 -1.772 -1.6188 -1.462 -1.3011 -1.1352 -0.9634 -0.78446 -0.59677 -0.3982 -0.18591 0 0 0 0 0 0 0 0 0 0 0 0 0 0 0 0 0 0 0 0 0.18591 0.3982 0.59677 0.78446 0.9634 1.1352 1.3011 1.462 1.6188 1.772 1.9223 2.0698 2.2151 2.3585 2.5
-2.5 -2.3588 -2.2159 -2.0711 -1.9241 -1.7747 -1.6225 -1.4669 -1.3076 -1.1438 -0.97469 -0.79935 -0.61651 -0.42463 -0.22174 -0.0054341 0 0 0 0 0 0 0 0 0 0 0 0 0 0 0 0 0 0 0.0054341 0.22174 0.42463 0.61651 0.79935 0.97469 1.1438 1.3076 1.4669 1.6225 1.7747 1.9241 2.0711 2.2159 2.3588 2.5
-2.5 -2.3593 -2.217 -2.0729 -1.9269 -1.7786 -1.6278 -1.474 -1.3169 -1.156 -0.99073 -0.82033 -0.64407 -0.46105 -0.27036 -0.071113 0 0 0 0 0 0 0 0 0 0 0 0 0 0 0 0 0 0 0.071113 0.27036 0.46105 0.64407 0.82033 0.99073 1.156 1.3169 1.474 1.6278 1.7786 1.9269 2.0729 2.217 2.3593 2.5
-2.5 -2.3599 -2.2184 -2.0753 -1.9304 -1.7836 -1.6345 -1.483 -1.3287 -1.1714 -1.0106 -0.84605 -0.67741 -0.50445 -0.32714 -0.14592 0 0 0 0 0 0 0 0 0 0 0 0 0 0 0 0 0 0 0.14592 0.32714 0.50445 0.67741 0.84605 1.0106 1.1714 1.3287 1.483 1.6345 1.7836 1.9304 2.0753 2.2184 2.3599 2.5
-2.5 -2.3607 -2.2201 -2.0781 -1.9346 -1.7895 -1.6425 -1.4935 -1.3424 -1.1891 -1.0333 -0.87504 -0.71444 -0.55178 -0.38772 -0.22356 -0.061613 0 0 0 0 0 0 0 0 0 0 0 0 0 0 0 0 0.061613 0.22356 0.38772 0.55178 0.71444 0.87504 1.0333 1.1891 1.3424 1.4935 1.6425 1.7895 1.9346 2.0781 2.2201 2.3607 2.5
-2.5 -2.3616 -2.2221 -2.0814 -1.9394 -1.7961 -1.6514 -1.5052 -1.3576 -1.2084 -1.0577 -0.90591 -0.75325 -0.60043 -0.44856 -0.29937 -0.15554 -0.021035 0 0 0 0 0 0 0 0 0 0 0 0 0 0 0.021035 0.15554 0.29937 0.44856 0.60043 0.75325 0.90591 1.0577 1.2084 1.3576 1.5052 1.6514 1.7961 1.9394 2.0814 2.2221 2.3616 2.5
-2.5 -2.3626 -2.2242 -2.0849 -1.9446 -1.8033 -1.6611 -1.5178 -1.3736 -1.2286 -1.0831 -0.93745 -0.79224 -0.64837 -0.50714 -0.3704 -0.24076 -0.12171 -0.017785 0 0 0 0 0 0 0 0 0 0 0 0 0.017785 0.12171 0.24076 0.3704 0.50714 0.64837 0.79224 0.93745 1.0831 1.2286 1.3736 1.5178 1.6611 1.8033 1.9446 2.0849 2.2242 2.3626 2.5
-2.5 -2.3636 -2.2265 -2.0887 -1.9502 -1.811 -1.6711 -1.5308 -1.3901 -1.2492 -1.1086 -0.9687 -0.83024 -0.6942 -0.56191 -0.43513 -0.31617 -0.20788 -0.11364 -0.037124 0 0 0 0 0 0 0 0 0 0 0.037124 0.11364 0.20788 0.31617 0.43513 0.56191 0.6942 0.83024 0.9687 1.1086 1.2492 1.3901 1.5308 1.6711 1.811 1.9502 2.0887 2.2265 2.3636 2.5
-2.5 -2.3647 -2.2289 -2.0927 -1.9559 -1.8188 -1.6815 -1.544 -1.4066 -1.2697 -1.1336 -0.99894 -0.86643 -0.73705 -0.61206 -0.49304 -0.3819 -0.28085 -0.19232 -0.11869 -0.061904 -0.022948 -0.0012288 0 0 0 0 0.0012288 0.022948 0.061904 0.11869 0.19232 0.28085 0.3819 0.49304 0.61206 0.73705 0.86643 0.99894 1.1336 1.2697 1.4066 1.544 1.6815 1.8188 1.9559 2.0927 2.2289 2.3647 2.5
-2.5 -2.3659 -2.2314 -2.0967 -1.9618 -1.8268 -1.6918 -1.5571 -1.423 -1.2897 -1.1577 -1.0277 -0.9003 -0.77648 -0.65735 -0.54425 -0.4387 -0.34237 -0.25695 -0.18393 -0.12434 -0.078397 -0.04519 -0.022466 -0.0066789 0.0066789 0.022466 0.04519 0.078397 0.12434 0.18393 0.25695 0.34237 0.4387 0.54425 0.65735 0.77648 0.9003 1.0277 1.1577 1.2897 1.423 1.5571 1.6918 1.8268 1.9618 2.0967 2.2314 2.3659 2.5
-2.5 -2.3671 -2.234 -2.1008 -1.9677 -1.8347 -1.7021 -1.5701 -1.4389 -1.3089 -1.1807 -1.0547 -0.93163 -0.81237 -0.69786 -0.5892 -0.48757 -0.39421 -0.31024 -0.23658 -0.17369 -0.12142 -0.078776 -0.043885 -0.014044 0.014044 0.043885 0.078776 0.12142 0.17369 0.23658 0.31024 0.39421 0.48757 0.5892 0.69786 0.81237 0.93163 1.0547 1.1807 1.3089 1.4389 1.5701 1.7021 1.8347 1.9677 2.1008 2.234 2.3671 2.5
-2.5 -2.3683 -2.2365 -2.1049 -1.9735 -1.8425 -1.7121 -1.5826 -1.4541 -1.3272 -1.2022 -1.0797 -0.96034 -0.84479 -0.73389 -0.62852 -0.52959 -0.43797 -0.35443 -0.27947 -0.21324 -0.15539 -0.10498 -0.060454 -0.019716 0.019716 0.060454 0.10498 0.15539 0.21324 0.27947 0.35443 0.43797 0.52959 0.62852 0.73389 0.84479 0.96034 1.0797 1.2022 1.3272 1.4541 1.5826 1.7121 1.8425 1.9735 2.1049 2.2365 2.3683 2.5
-2.5 -2.3695 -2.2391 -2.109 -1.9793 -1.8502 -1.7219 -1.5946 -1.4687 -1.3444 -1.2223 -1.1028 -0.98648 -0.87392 -0.76582 -0.66286 -0.56574 -0.47506 -0.39131 -0.31475 -0.24533 -0.18263 -0.1258 -0.07353 -0.024176 0.024176 0.07353 0.1258 0.18263 0.24533 0.31475 0.39131 0.47506 0.56574 0.66286 0.76582 0.87392 0.98648 1.1028 1.2223 1.3444 1.4687 1.5946 1.7219 1.8502 1.9793 2.109 2.2391 2.3695 2.5
-2.5 -2.3706 -2.2416 -2.1129 -1.9849 -1.8576 -1.7312 -1.606 -1.4824 -1.3605 -1.2409 -1.124 -1.0102 -0.90002 -0.79407 -0.69287 -0.59691 -0.50662 -0.42229 -0.34403 -0.27168 -0.20479 -0.1426 -0.084027 -0.027748 0.027748 0.084027 0.1426 0.20479 0.27168 0.34403 0.42229 0.50662 0.59691 0.69287 0.79407 0.90002 1.0102 1.124 1.2409 1.3605 1.4824 1.606 1.7312 1.8576 1.9849 2.1129 2.2416 2.3706 2.5
-2.5 -2.3718 -2.244 -2.1168 -1.9903 -1.8646 -1.7401 -1.6169 -1.4953 -1.3755 -1.2581 -1.1433 -1.0316 -0.92337 -0.81907 -0.71911 -0.62386 -0.53361 -0.44851 -0.36856 -0.29354 -0.22303 -0.15634 -0.09258 -0.030651 0.030651 0.09258 0.15634 0.22303 0.29354 0.36856 0.44851 0.53361 0.62386 0.71911 0.81907 0.92337 1.0316 1.1433 1.2581 1.3755 1.4953 1.6169 1.7401 1.8646 1.9903 2.1168 2.244 2.3718 2.5
-2.5 -2.3729 -2.2464 -2.1205 -1.9955 -1.8714 -1.7485 -1.6271 -1.5073 -1.3895 -1.2739 -1.1609 -1.0509 -0.94425 -0.8412 -0.74212 -0.64727 -0.55682 -0.47084 -0.38927 -0.31187 -0.23822 -0.16773 -0.09964 -0.033044 0.033044 0.09964 0.16773 0.23822 0.31187 0.38927 0.47084 0.55682 0.64727 0.74212 0.8412 0.94425 1.0509 1.1609 1.2739 1.3895 1.5073 1.6271 1.7485 1.8714 1.9955 2.1205 2.2464 2.3729 2.5
-2.5 -2.374 -2.2487 -2.1241 -2.0005 -1.8778 -1.7565 -1.6366 -1.5185 -1.4023 -1.2884 -1.177 -1.0684 -0.96292 -0.86083 -0.76235 -0.66766 -0.57687 -0.48999 -0.4069 -0.32736 -0.251 -0.17727 -0.10553 -0.035038 0.035038 0.10553 0.17727 0.251 0.32736 0.4069 0.48999 0.57687 0.66766 0.76235 0.86083 0.96292 1.0684 1.177 1.2884 1.4023 1.5185 1.6366 1.7565 1.8778 2.0005 2.1241 2.2487 2.374 2.5
-2.5 -2.3751 -2.2509 -2.1276 -2.0052 -1.8839 -1.764 -1.6456 -1.5289 -1.4142 -1.3017 -1.1916 -1.0841 -0.97964 -0.87826 -0.78018 -0.6855 -0.59429 -0.5065 -0.42201 -0.34057 -0.26183 -0.18533 -0.11051 -0.036718 0.036718 0.11051 0.18533 0.26183 0.34057 0.42201 0.5065 0.59429 0.6855 0.78018 0.87826 0.97964 1.0841 1.1916 1.3017 1.4142 1.5289 1.6456 1.764 1.8839 2.0052 2.1276 2.2509 2.3751 2.5
-2.5 -2.3761 -2.253 -2.1308 -2.0097 -1.8897 -1.7711 -1.6539 -1.5386 -1.4251 -1.3138 -1.2048 -1.0984 -0.99463 -0.89379 -0.79594 -0.70117 -0.60949 -0.52083 -0.43505 -0.35192 -0.27111 -0.19221 -0.11474 -0.038147 0.038147 0.11474 0.19221 0.27111 0.35192 0.43505 0.52083 0.60949 0.70117 0.79594 0.89379 0.99463 1.0984 1.2048 1.3138 1.4251 1.5386 1.6539 1.7711 1.8897 2.0097 2.1308 2.253 2.3761 2.5
-2.5 -2.3771 -2.2551 -2.134 -2.0139 -1.8951 -1.7776 -1.6617 -1.5475 -1.4352 -1.3249 -1.2169 -1.1112 -1.0081 -0.90764 -0.80993 -0.71499 -0.62282 -0.53333 -0.44638 -0.36173 -0.2791 -0.19812 -0.11837 -0.039371 0.039371 0.11837 0.19812 0.2791 0.36173 0.44638 0.53333 0.62282 0.71499 0.80993 0.90764 1.0081 1.1112 1.2169 1.3249 1.4352 1.5475 1.6617 1.7776 1.8951 2.0139 2.134 2.2551 2.3771 2.5
-2.5 -2.3781 -2.257 -2.1369 -2.0179 -1.9002 -1.7838 -1.669 -1.5558 -1.4444 -1.3351 -1.2278 -1.1228 -1.0202 -0.92004 -0.82237 -0.72723 -0.63457 -0.54429 -0.45627 -0.37027 -0.28604 -0.20324 -0.12151 -0.040429 0.040429 0.12151 0.20324 0.28604 0.37027 0.45627 0.54429 0.63457 0.72723 0.82237 0.92004 1.0202 1.1228 1.2278 1.3351 1.4444 1.5558 1.669 1.7838 1.9002 2.0179 2.1369 2.257 2.3781 2.5
-2.5 -2.379 -2.2588 -2.1397 -2.0217 -1.905 -1.7896 -1.6757 -1.5634 -1.453 -1.3444 -1.2378 -1.1334 -1.0311 -0.93116 -0.83349 -0.7381 -0.64496 -0.55396 -0.46495 -0.37775 -0.29209 -0.2077 -0.12424 -0.041349 0.041349 0.12424 0.2077 0.29209 0.37775 0.46495 0.55396 0.64496 0.7381 0.83349 0.93116 1.0311 1.1334 1.2378 1.3444 1.453 1.5634 1.6757 1.7896 1.905 2.0217 2.1397 2.2588 2.379 2.5
-2.5 -2.3798 -2.2606 -2.1424 -2.0253 -1.9094 -1.795 -1.6819 -1.5705 -1.4608 -1.3529 -1.2469 -1.1429 -1.041 -0.94117 -0.84344 -0.7478 -0.65419 -0.56251 -0.47262 -0.38433 -0.29741 -0.21161 -0.12663 -0.042155 0.042155 0.12663 0.21161 0.29741 0.38433 0.47262 0.56251 0.65419 0.7478 0.84344 0.94117 1.041 1.1429 1.2469 1.3529 1.4608 1.5705 1.6819 1.795 1.9094 2.0253 2.1424 2.2606 2.3798 2.5
-2.5 -2.3807 -2.2622 -2.1449 -2.0286 -1.9136 -1.8 -1.6878 -1.5771 -1.468 -1.3607 -1.2553 -1.1516 -1.0499 -0.95019 -0.85238 -0.75648 -0.66243 -0.57012 -0.47942 -0.39015 -0.30211 -0.21506 -0.12874 -0.042863 0.042863 0.12874 0.21506 0.30211 0.39015 0.47942 0.57012 0.66243 0.75648 0.85238 0.95019 1.0499 1.1516 1.2553 1.3607 1.468 1.5771 1.6878 1.8 1.9136 2.0286 2.1449 2.2622 2.3807 2.5
