0 0 1.37956 -7.62939e-06
3 0 1.37778 0
6 0 1.37335 0
9 0 1.3663 4.95911e-05
12 0 1.35656 3.43323e-05
15 0 1.34422 6.86646e-05
18 0 1.32928 0.000114441
21 0 1.31172 0.000106812
24 0 1.29163 0.00012207
27 0 1.26902 0.000173569
30 0 1.24398 0.000207901
33 0 1.2166 0.000263214
36 0 1.18697 0.000297546
39 0 1.15522 0.000358582
42 0 1.12155 0.000406265
45 0 1.08613 0.0004673
48 0 1.04921 0.000528336
51 0 1.01104 0.000572205
54 0 0.971958 0.000637054
57 0 0.9323 0.000697136
60 0 0.892446 0.000760078
63 0 0.852828 0.000811577
66 0 0.813883 0.000873566
69 0 0.776084 0.000939369
72 0 0.739914 0.000993729
75 0 0.705863 0.00105906
78 0 0.674406 0.00111628
81 0 0.646008 0.00117207
84 0 0.621102 0.00123119
87 0 0.600079 0.00128746
90 0 0.583277 0.00134087
93 0 0.570977 0.00139487
96 0 0.563386 0.00144476
99 0 0.56064 0.0014916
102 0 0.562794 0.00153804
105 0 0.569822 0.00158024
108 0 0.58162 0.0016191
111 0 0.598002 0.00165606
114 0 0.618718 0.00168467
117 0 0.643447 0.00171328
120 0 0.671812 0.00173473
123 0 0.703387 0.00174761
126 0 0.737718 0.00175381
129 0 0.774327 0.0017519
132 0 0.812715 0.00174618
135 0 0.8524 0.00173759
138 0 0.892881 0.00172043
141 0 0.933716 0.00169563
144 0 0.974437 0.00165272
147 0 1.01467 0.00161171
150 0 1.05403 0.00156212
153 0 1.09217 0.00151253
156 0 1.12882 0.00142288
159 0 1.16372 0.00135231
162 0 1.19664 0.0012722
165 0 1.2274 0.00117493
168 0 1.25586 0.00109482
171 0 1.2819 0.00100136
174 0 1.30538 0.000869751
177 0 1.32632 0.000778198
180 0 1.34455 0.000667572
183 0 1.3601 0.000545502
186 0 1.37291 0.000450134
189 0 1.38296 0.000335693
192 0 1.39027 0.000217438
195 0 1.3948 9.91821e-05
198 0 1.39654 7.62939e-06
0 3 1.3809 0.000453949
3 3 1.37914 0.00313187
6 3 1.37469 0.00580215
9 3 1.36761 0.0084877
12 3 1.35793 0.0110931
15 3 1.34557 0.0137634
18 3 1.33059 0.0164299
21 3 1.31304 0.0190086
24 3 1.29293 0.0215912
27 3 1.27028 0.0241261
30 3 1.24521 0.0265751
33 3 1.21776 0.0289345
36 3 1.18808 0.0312004
39 3 1.15626 0.0333004
42 3 1.12249 0.0351887
45 3 1.08695 0.0369072
48 3 1.0499 0.0383492
51 3 1.01158 0.0395145
54 3 0.972314 0.0403643
57 3 0.932467 0.0408363
60 3 0.892404 0.0409098
63 3 0.852556 0.040535
66 3 0.813375 0.0397072
69 3 0.775341 0.038393
72 3 0.738923 0.0365953
75 3 0.704629 0.0343084
78 3 0.672939 0.0315471
81 3 0.644325 0.0283322
84 3 0.619217 0.0247045
87 3 0.598024 0.0207
90 3 0.581082 0.0163865
93 3 0.568672 0.0118247
96 3 0.561013 0.00708568
99 3 0.558236 0.00224701
102 3 0.560398 -0.00260931
105 3 0.567475 -0.00740409
108 3 0.579361 -0.0120575
111 3 0.595869 -0.0164976
114 3 0.616742 -0.0206513
117 3 0.641653 -0.0244651
120 3 0.670223 -0.0278773
123 3 0.702017 -0.0308599
126 3 0.736588 -0.0333691
129 3 0.773437 -0.035409
132 3 0.812055 -0.0369577
135 3 0.851967 -0.038023
138 3 0.892686 -0.0386229
141 3 0.933724 -0.0387812
144 3 0.974652 -0.038537
147 3 1.01506 -0.0378895
150 3 1.05457 -0.0369263
153 3 1.09285 -0.0356483
156 3 1.12962 -0.0341167
159 3 1.1646 -0.0323391
162 3 1.19761 -0.0303593
165 3 1.22843 -0.0282478
168 3 1.25696 -0.0260105
171 3 1.28306 -0.0236568
174 3 1.30657 -0.021225
177 3 1.32749 -0.0187073
180 3 1.34578 -0.0161552
183 3 1.36134 -0.0136185
186 3 1.37418 -0.0109787
189 3 1.38423 -0.00835419
192 3 1.39155 -0.00574875
195 3 1.39607 -0.00307083
198 3 1.39781 -0.00043869
0 6 1.38488 0.000896454
3 6 1.38312 0.00620651
6 6 1.37869 0.0115509
9 6 1.3716 0.0168915
12 6 1.3619 0.0222168
15 6 1.34954 0.0275116
18 6 1.33452 0.0327721
21 6 1.3169 0.0379562
24 6 1.29672 0.0431061
27 6 1.27402 0.0481586
30 6 1.24881 0.0530281
33 6 1.22122 0.0577164
36 6 1.19133 0.0622005
39 6 1.15926 0.0663548
42 6 1.12521 0.0701981
45 6 1.08932 0.0735912
48 6 1.05186 0.0764904
51 6 1.01308 0.0788002
54 6 0.973292 0.0804434
57 6 0.932849 0.0813646
60 6 0.892172 0.0814743
63 6 0.851638 0.0806913
66 6 0.811749 0.0789862
69 6 0.77298 0.0763245
72 6 0.735826 0.0726614
75 6 0.700799 0.0680175
78 6 0.668413 0.0624022
81 6 0.639135 0.0558782
84 6 0.613433 0.0485163
87 6 0.591718 0.0404015
90 6 0.57435 0.031651
93 6 0.56162 0.0223963
96 6 0.553753 0.0127902
99 6 0.550888 0.00298578
102 6 0.553086 -0.006854
105 6 0.560319 -0.0165647
108 6 0.572474 -0.0259881
111 6 0.589364 -0.0349703
114 6 0.610716 -0.0433714
117 6 0.636188 -0.0510716
120 6 0.665394 -0.0579605
123 6 0.697869 -0.0639639
126 6 0.733162 -0.0690203
129 6 0.770751 -0.0731001
132 6 0.810102 -0.0761795
135 6 0.850745 -0.0782881
138 6 0.892138 -0.0794468
141 6 0.933825 -0.0797014
144 6 0.975342 -0.0791149
147 6 1.01631 -0.0777683
150 6 1.05629 -0.0757256
153 6 1.09503 -0.0730686
156 6 1.13216 -0.0698643
159 6 1.16747 -0.0662174
162 6 1.20075 -0.0621796
165 6 1.23179 -0.0578175
168 6 1.26048 -0.0531845
171 6 1.28669 -0.0483646
174 6 1.31036 -0.0433578
177 6 1.33133 -0.0382767
180 6 1.34967 -0.033062
183 6 1.36528 -0.027771
186 6 1.37815 -0.0223961
189 6 1.38822 -0.0170784
192 6 1.39554 -0.0117188
195 6 1.40009 -0.0063324
198 6 1.40188 -0.00088501
0 9 1.39156 0.00132751
3 9 1.3898 0.00933456
6 9 1.38534 0.0173378
9 9 1.37827 0.025322
12 9 1.36851 0.0332947
15 9 1.35612 0.0412407
18 9 1.34107 0.0491638
21 9 1.3234 0.0570107
24 9 1.3031 0.0647163
27 9 1.28023 0.0722771
30 9 1.25484 0.0796471
33 9 1.22698 0.0867405
36 9 1.19676 0.0934963
39 9 1.16431 0.0998135
42 9 1.12976 0.105614
45 9 1.09329 0.110775
48 9 1.05513 0.115166
51 9 1.0156 0.118717
54 9 0.974937 0.121252
57 9 0.933531 0.122694
60 9 0.891779 0.12289
63 9 0.850114 0.121762
66 9 0.809028 0.119227
69 9 0.76902 0.115204
72 9 0.730613 0.109687
75 9 0.694347 0.102659
78 9 0.660766 0.0941596
81 9 0.630377 0.0842485
84 9 0.603663 0.073051
87 9 0.581068 0.0607057
90 9 0.562978 0.04738
93 9 0.549707 0.0332897
96 9 0.541488 0.0186576
99 9 0.538475 0.00372177
102 9 0.540733 -0.0112658
105 9 0.548232 -0.0260539
108 9 0.560853 -0.0404005
111 9 0.578394 -0.0540636
114 9 0.600558 -0.0668368
117 9 0.626998 -0.0785275
120 9 0.657274 -0.0889754
123 9 0.690927 -0.0980568
126 9 0.727436 -0.105682
129 9 0.766272 -0.111816
132 9 0.806884 -0.116418
135 9 0.848743 -0.11953
138 9 0.891303 -0.121198
141 9 0.934096 -0.121491
144 9 0.976626 -0.120517
147 9 1.0185 -0.118368
150 9 1.05933 -0.115162
153 9 1.09875 -0.111038
156 9 1.13652 -0.106117
159 9 1.17236 -0.100498
162 9 1.20606 -0.0943203
165 9 1.23748 -0.0876389
168 9 1.26647 -0.0805988
171 9 1.29287 -0.0732498
174 9 1.31672 -0.0656471
177 9 1.33783 -0.0578651
180 9 1.35627 -0.0500031
183 9 1.37191 -0.0419769
186 9 1.38486 -0.0339355
189 9 1.39497 -0.0258293
192 9 1.40234 -0.0177002
195 9 1.40688 -0.00951385
198 9 1.40867 -0.00135803
0 12 1.4009 0.00175095
3 12 1.39917 0.0124779
6 12 1.39472 0.0231667
9 12 1.38759 0.0337982
12 12 1.37782 0.0444679
15 12 1.36542 0.0550385
18 12 1.35026 0.0656319
21 12 1.33249 0.0760841
24 12 1.31206 0.086441
27 12 1.289 0.0966282
30 12 1.26333 0.106525
33 12 1.23512 0.1161
36 12 1.20448 0.125227
39 12 1.17146 0.133785
42 12 1.13624 0.141653
45 12 1.09896 0.148703
48 12 1.05989 0.15473
51 12 1.01924 0.159615
54 12 0.977351 0.163159
57 12 0.934561 0.165222
60 12 0.891315 0.165627
63 12 0.848025 0.164237
66 12 0.805235 0.160923
69 12 0.763458 0.155581
72 12 0.723259 0.148198
75 12 0.685233 0.138747
78 12 0.649939 0.127283
81 12 0.617939 0.11388
84 12 0.589775 0.0986991
87 12 0.565914 0.0819445
90 12 0.546786 0.0638452
93 12 0.532731 0.0446912
96 12 0.524011 0.0247876
99 12 0.520788 0.00447019
102 12 0.523133 -0.0159184
105 12 0.531017 -0.0360334
108 12 0.544308 -0.0555341
111 12 0.562781 -0.0740993
114 12 0.586133 -0.0914288
117 12 0.613947 -0.107268
120 12 0.645782 -0.121398
123 12 0.681118 -0.133648
126 12 0.719379 -0.143903
129 12 0.760003 -0.152089
132 12 0.802409 -0.158195
135 12 0.846001 -0.162264
138 12 0.890243 -0.164357
141 12 0.934589 -0.164591
144 12 0.978575 -0.163097
147 12 1.02174 -0.160027
150 12 1.06372 -0.155546
153 12 1.10414 -0.149845
156 12 1.14277 -0.143076
159 12 1.17934 -0.135391
162 12 1.21366 -0.126951
165 12 1.24558 -0.117895
168 12 1.27493 -0.108328
171 12 1.30169 -0.0983982
174 12 1.32573 -0.088131
177 12 1.34703 -0.0776863
180 12 1.3656 -0.0670128
183 12 1.38136 -0.0562782
186 12 1.39434 -0.0454407
189 12 1.40445 -0.0345802
192 12 1.41186 -0.0236626
195 12 1.41642 -0.0127792
198 12 1.41823 -0.00182724
0 15 1.41289 0.00222015
3 15 1.41116 0.0155716
6 15 1.40673 0.0289154
9 15 1.39958 0.0422821
12 15 1.3898 0.0556068
15 15 1.37732 0.0689087
18 15 1.36214 0.0821609
21 15 1.34427 0.0953598
24 15 1.32368 0.108402
27 15 1.30035 0.121223
30 15 1.27437 0.133739
33 15 1.24575 0.14587
36 15 1.21453 0.157495
39 15 1.18084 0.168425
42 15 1.14478 0.178516
45 15 1.10647 0.187584
48 15 1.0662 0.195425
51 15 1.02416 0.201818
54 15 0.980669 0.206545
57 15 0.936092 0.209404
60 15 0.890877 0.210138
63 15 0.845472 0.208603
66 15 0.800427 0.204591
69 15 0.75632 0.197997
72 15 0.71376 0.188759
75 15 0.673378 0.176837
78 15 0.635809 0.162299
81 15 0.601675 0.145259
84 15 0.571573 0.125909
87 15 0.546026 0.104496
90 15 0.525513 0.0813365
93 15 0.510419 0.0568
96 15 0.501027 0.031293
99 15 0.497525 0.00524518
102 15 0.499989 -0.0208917
105 15 0.508383 -0.0466715
108 15 0.522568 -0.0716529
111 15 0.5423 -0.0954125
114 15 0.56722 -0.117566
117 15 0.596888 -0.137773
120 15 0.630799 -0.155752
123 15 0.668362 -0.171289
126 15 0.708976 -0.184217
129 15 0.751987 -0.194486
132 15 0.796747 -0.202061
135 15 0.842643 -0.207
138 15 0.889064 -0.209411
141 15 0.935462 -0.209439
144 15 0.981301 -0.207276
147 15 1.02616 -0.203131
150 15 1.06963 -0.197206
153 15 1.11136 -0.189747
156 15 1.15107 -0.180964
159 15 1.18858 -0.171055
162 15 1.22367 -0.160223
165 15 1.25617 -0.148647
168 15 1.28601 -0.136459
171 15 1.31318 -0.123823
174 15 1.3375 -0.110836
177 15 1.359 -0.0975838
180 15 1.37769 -0.0842133
183 15 1.39354 -0.0706444
186 15 1.40657 -0.0570755
189 15 1.4168 -0.0433922
192 15 1.42416 -0.0296974
195 15 1.42875 -0.0159988
198 15 1.4305 -0.00227737
0 18 1.42763 0.00266266
3 18 1.42585 0.0186882
6 18 1.42141 0.0347328
9 18 1.41428 0.0507431
12 18 1.40451 0.0667801
15 18 1.39198 0.0828209
18 18 1.37675 0.0988312
21 18 1.35877 0.114723
24 18 1.33799 0.13052
27 18 1.3144 0.146114
30 18 1.28807 0.161373
33 18 1.25896 0.176184
36 18 1.22712 0.190424
39 18 1.19261 0.203888
42 18 1.15555 0.21641
45 18 1.11602 0.227713
48 18 1.07427 0.237547
51 18 1.03051 0.245678
54 18 0.985078 0.251809
57 18 0.938295 0.255646
60 18 0.890639 0.256936
63 18 0.84258 0.255404
66 18 0.794703 0.250834
69 18 0.747655 0.243054
72 18 0.702084 0.231961
75 18 0.658712 0.217532
78 18 0.618249 0.1998
81 18 0.58139 0.17893
84 18 0.548805 0.155142
87 18 0.521099 0.128755
90 18 0.498815 0.100168
93 18 0.48239 0.0698414
96 18 0.472145 0.038293
99 18 0.468287 0.00607018
102 18 0.4709 -0.026268
105 18 0.479949 -0.0581571
108 18 0.495277 -0.0890409
111 18 0.51661 -0.118387
114 18 0.543546 -0.145704
117 18 0.575592 -0.170561
120 18 0.61215 -0.192605
123 18 0.652568 -0.211565
126 18 0.696155 -0.227264
129 18 0.742184 -0.239613
132 18 0.789953 -0.248606
135 18 0.838745 -0.254313
138 18 0.88793 -0.256884
141 18 0.936864 -0.256524
144 18 0.98504 -0.253482
147 18 1.03196 -0.248022
150 18 1.07726 -0.240431
153 18 1.12056 -0.230978
156 18 1.16161 -0.219978
159 18 1.20022 -0.20764
162 18 1.23618 -0.194254
165 18 1.26941 -0.179998
168 18 1.29981 -0.165091
171 18 1.32738 -0.149628
174 18 1.35203 -0.133831
177 18 1.37374 -0.117752
180 18 1.39258 -0.101479
183 18 1.40852 -0.0851212
186 18 1.4216 -0.0686684
189 18 1.43183 -0.0521927
192 18 1.43922 -0.0357132
195 18 1.44384 -0.0192947
198 18 1.44561 -0.00275421
0 21 1.44493 0.00311661
3 21 1.44319 0.0218658
6 21 1.43879 0.0405006
9 21 1.4317 0.0592194
12 21 1.42188 0.0780029
15 21 1.4094 0.096756
18 21 1.39406 0.115536
21 21 1.37601 0.134277
24 21 1.3551 0.152836
27 21 1.33127 0.171293
30 21 1.30456 0.189404
33 21 1.27493 0.207071
36 21 1.24237 0.224123
39 21 1.20695 0.240322
42 21 1.16873 0.255459
45 21 1.12781 0.269247
48 21 1.08436 0.281366
51 21 1.03861 0.291498
54 21 0.99085 0.299328
57 21 0.941419 0.30446
60 21 0.890802 0.30654
63 21 0.839502 0.305227
66 21 0.788178 0.300265
69 21 0.737495 0.291404
72 21 0.688225 0.27849
75 21 0.641144 0.261477
78 21 0.597083 0.240422
81 21 0.556824 0.21549
84 21 0.521146 0.186949
87 21 0.490744 0.155188
90 21 0.466251 0.120699
93 21 0.448167 0.0840635
96 21 0.436863 0.0459249
99 21 0.432567 0.00696077
102 21 0.435365 -0.032143
105 21 0.445223 -0.0706992
108 21 0.461975 -0.108021
111 21 0.485305 -0.143447
114 21 0.514767 -0.176354
117 21 0.549773 -0.206213
120 21 0.589633 -0.232593
123 21 0.633603 -0.25516
126 21 0.680892 -0.273715
129 21 0.730666 -0.288152
132 21 0.782124 -0.298473
135 21 0.834486 -0.304796
138 21 0.887018 -0.307335
141 21 0.939049 -0.306328
144 21 0.990022 -0.302125
147 21 1.03941 -0.29506
150 21 1.08684 -0.285513
153 21 1.13202 -0.273796
156 21 1.17459 -0.260317
159 21 1.21448 -0.24534
162 21 1.25145 -0.229153
165 21 1.28546 -0.212023
168 21 1.3165 -0.19418
171 21 1.34448 -0.175817
174 21 1.36945 -0.157051
177 21 1.39138 -0.138054
180 21 1.41035 -0.118877
183 21 1.42635 -0.0996666
186 21 1.43947 -0.0803375
189 21 1.44972 -0.061039
192 21 1.45714 -0.0417938
195 21 1.46172 -0.0224457
198 21 1.46351 -0.00323105
0 24 1.46497 0.003582
3 24 1.46319 0.0248604
6 24 1.45884 0.0462685
9 24 1.45177 0.0676765
12 24 1.44201 0.0891533
15 24 1.42955 0.110668
18 24 1.41425 0.132256
21 24 1.39612 0.153843
24 24 1.37506 0.175404
27 24 1.35106 0.196766
30 24 1.32398 0.217897
33 24 1.29381 0.238564
36 24 1.26051 0.258633
39 24 1.22413 0.277817
42 24 1.18465 0.295845
45 24 1.14215 0.312431
48 24 1.09678 0.32715
51 24 1.04873 0.339674
54 24 0.998272 0.34952
57 24 0.945758 0.356275
60 24 0.891639 0.35949
63 24 0.836494 0.358727
66 24 0.781009 0.353589
69 24 0.725944 0.343784
72 24 0.672158 0.329104
75 24 0.620571 0.309459
78 24 0.572108 0.284909
81 24 0.527681 0.255632
84 24 0.488189 0.221947
87 24 0.454469 0.184315
90 24 0.427256 0.143341
93 24 0.407147 0.0997454
96 24 0.394561 0.054336
99 24 0.389735 0.00794427
102 24 0.392756 -0.0386139
105 24 0.40359 -0.0845252
108 24 0.422076 -0.128959
111 24 0.447868 -0.17108
114 24 0.480436 -0.210119
117 24 0.519087 -0.245416
120 24 0.563009 -0.276451
123 24 0.611333 -0.302839
126 24 0.663135 -0.324343
129 24 0.71747 -0.340847
132 24 0.773415 -0.35239
135 24 0.830061 -0.359129
138 24 0.88661 -0.361341
141 24 0.942307 -0.35938
144 24 0.996539 -0.353663
147 24 1.04883 -0.344644
150 24 1.09876 -0.332745
153 24 1.14598 -0.318468
156 24 1.19032 -0.302168
159 24 1.23158 -0.28422
162 24 1.26968 -0.264992
165 24 1.30456 -0.244791
168 24 1.33618 -0.223822
171 24 1.36462 -0.202362
174 24 1.38988 -0.180559
177 24 1.41197 -0.158489
180 24 1.43106 -0.136349
183 24 1.44712 -0.114174
186 24 1.46021 -0.0920143
189 24 1.47042 -0.0698776
192 24 1.4778 -0.0477715
195 24 1.48241 -0.0257034
198 24 1.48415 -0.00366211
0 27 1.4876 0.00398254
3 27 1.48587 0.0279579
6 27 1.48153 0.0519447
9 27 1.47457 0.0760384
12 27 1.46489 0.10022
15 27 1.45254 0.124577
18 27 1.43731 0.148972
21 27 1.4192 0.173515
24 27 1.39809 0.198067
27 27 1.37387 0.222511
30 27 1.34649 0.246792
33 27 1.31581 0.270679
36 27 1.28181 0.294003
39 27 1.24439 0.316431
42 27 1.20357 0.337706
45 27 1.15939 0.357395
48 27 1.1119 0.375149
51 27 1.06129 0.390456
54 27 1.00778 0.402796
57 27 0.951694 0.411629
60 27 0.893518 0.416403
63 27 0.833854 0.416543
66 27 0.773424 0.411566
69 27 0.713107 0.401028
72 27 0.653906 0.384661
75 27 0.59687 0.362335
78 27 0.54308 0.334093
81 27 0.493594 0.300158
84 27 0.449455 0.260873
87 27 0.411664 0.216765
90 27 0.38113 0.16857
93 27 0.358574 0.117195
96 27 0.344481 0.0636763
99 27 0.33905 0.00904403
102 27 0.342317 -0.0457759
105 27 0.354283 -0.0998805
108 27 0.374846 -0.152263
111 27 0.403638 -0.201858
114 27 0.440012 -0.247689
117 27 0.483125 -0.288951
120 27 0.531993 -0.325013
123 27 0.585597 -0.35546
126 27 0.642845 -0.380016
129 27 0.702687 -0.398571
132 27 0.763998 -0.411174
135 27 0.825775 -0.418043
138 27 0.887044 -0.419564
141 27 0.947039 -0.416206
144 27 1.00507 -0.408517
147 27 1.06062 -0.39708
150 27 1.11333 -0.382425
153 27 1.16287 -0.365129
156 27 1.20908 -0.345648
159 27 1.25184 -0.32443
162 27 1.29108 -0.301861
165 27 1.32682 -0.278299
168 27 1.35905 -0.254023
171 27 1.38789 -0.229286
174 27 1.41339 -0.204239
177 27 1.43565 -0.1791
180 27 1.45475 -0.153877
183 27 1.47079 -0.128685
186 27 1.48378 -0.103611
189 27 1.49397 -0.0786362
192 27 1.50125 -0.0537415
195 27 1.50581 -0.0289307
198 27 1.50755 -0.0041275
0 30 1.51286 0.00442123
3 30 1.51114 0.0309601
6 30 1.50689 0.0575943
9 30 1.50003 0.0842857
12 30 1.49056 0.111225
15 30 1.47829 0.138306
18 30 1.46327 0.165619
21 30 1.44525 0.193127
24 30 1.4242 0.220755
27 30 1.39987 0.248425
30 30 1.37228 0.276035
33 30 1.34117 0.303373
36 30 1.30649 0.330185
39 30 1.26808 0.356211
42 30 1.2259 0.381054
45 30 1.17992 0.404329
48 30 1.13017 0.425556
51 30 1.07675 0.444167
54 30 1.01984 0.459547
57 30 0.959769 0.471042
60 30 0.896935 0.477921
63 30 0.831996 0.479491
66 30 0.765745 0.47508
69 30 0.699189 0.464106
72 30 0.633486 0.446174
75 30 0.569913 0.421098
78 30 0.50974 0.388976
81 30 0.454151 0.350028
84 30 0.404349 0.304603
87 30 0.361588 0.25328
90 30 0.326989 0.196957
93 30 0.30149 0.136739
96 30 0.28572 0.0740587
99 30 0.279669 0.010277
102 30 0.283171 -0.0536845
105 30 0.296346 -0.116994
108 30 0.319353 -0.178426
111 30 0.35181 -0.236476
114 30 0.392835 -0.289914
117 30 0.441405 -0.337751
120 30 0.496269 -0.379263
123 30 0.556193 -0.414033
126 30 0.619993 -0.44177
129 30 0.686426 -0.462316
132 30 0.754166 -0.475731
135 30 0.821987 -0.482344
138 30 0.888807 -0.482687
141 30 0.953756 -0.47739
144 30 1.01608 -0.467167
147 30 1.07531 -0.452744
150 30 1.13106 -0.434812
153 30 1.18311 -0.41399
156 30 1.23131 -0.390875
159 30 1.2756 -0.365976
162 30 1.316 -0.339745
165 30 1.35258 -0.312544
168 30 1.38535 -0.284708
171 30 1.41451 -0.256491
174 30 1.44015 -0.228102
177 30 1.46246 -0.199707
180 30 1.48142 -0.171345
183 30 1.49736 -0.143192
186 30 1.51026 -0.115204
189 30 1.52029 -0.0873489
192 30 1.52751 -0.0596924
195 30 1.53194 -0.0320892
198 30 1.53371 -0.00460052
0 33 1.54062 0.00482941
3 33 1.53899 0.0339127
6 33 1.53484 0.0630875
9 33 1.52818 0.0924072
12 33 1.51894 0.121979
15 33 1.50694 0.15184
18 33 1.49215 0.182056
21 33 1.47437 0.212605
24 33 1.45348 0.24341
27 33 1.42927 0.27445
30 33 1.40156 0.305557
33 33 1.37015 0.336535
36 33 1.33489 0.367178
39 33 1.29554 0.397118
42 33 1.25203 0.425999
45 33 1.20423 0.453325
48 33 1.15213 0.478552
51 33 1.09572 0.501067
54 33 1.03514 0.520166
57 33 0.970595 0.535022
60 33 0.902476 0.544744
63 33 0.831453 0.548412
66 33 0.758396 0.545146
69 33 0.684425 0.534158
72 33 0.610914 0.514826
75 33 0.539536 0.486901
78 33 0.47181 0.450639
81 33 0.408942 0.40637
84 33 0.352157 0.354255
87 33 0.303322 0.294752
90 33 0.26371 0.229278
93 33 0.234551 0.158679
96 33 0.217225 0.0854053
99 33 0.210796 0.0116192
102 33 0.214383 -0.0622226
105 33 0.228478 -0.135976
108 33 0.254331 -0.208095
111 33 0.291432 -0.275776
114 33 0.338077 -0.337835
117 33 0.393415 -0.392974
120 33 0.45549 -0.440311
123 33 0.522913 -0.479689
126 33 0.594516 -0.510787
129 33 0.668875 -0.533262
132 33 0.744284 -0.547147
135 33 0.819236 -0.552982
138 33 0.892495 -0.551492
141 33 0.963065 -0.543538
144 33 1.03023 -0.530045
147 33 1.09347 -0.511928
150 33 1.1525 -0.490052
153 33 1.20717 -0.465168
156 33 1.25742 -0.437923
159 33 1.30328 -0.40888
162 33 1.34479 -0.378561
165 33 1.38207 -0.347406
168 33 1.41528 -0.315731
171 33 1.44465 -0.283838
174 33 1.47025 -0.251959
177 33 1.4924 -0.220184
180 33 1.51126 -0.188698
183 33 1.52694 -0.157463
186 33 1.53964 -0.126522
189 33 1.54943 -0.0958519
192 33 1.55649 -0.0654488
195 33 1.56087 -0.0352211
198 33 1.56254 -0.00502396
0 36 1.57094 0.00524902
3 36 1.5693 0.0367813
6 36 1.56535 0.0683861
9 36 1.5589 0.100262
12 36 1.55 0.132484
15 36 1.53839 0.165081
18 36 1.52399 0.198174
21 36 1.50664 0.231773
24 36 1.48607 0.265842
27 36 1.46212 0.300346
30 36 1.43454 0.33515
33 36 1.40303 0.370045
36 36 1.36732 0.404837
39 36 1.3272 0.439112
42 36 1.28246 0.472483
45 36 1.23288 0.504375
48 36 1.17837 0.534238
51 36 1.11889 0.561365
54 36 1.0544 0.58497
57 36 0.985013 0.6041
60 36 0.910985 0.617625
63 36 0.832976 0.624271
66 36 0.751995 0.62292
69 36 0.66924 0.612589
72 36 0.586189 0.592135
75 36 0.50543 0.561015
78 36 0.429007 0.520246
81 36 0.357767 0.470505
84 36 0.292016 0.411603
87 36 0.235658 0.341687
90 36 0.190091 0.267313
93 36 0.155272 0.183073
96 36 0.137909 0.0969114
99 36 0.132138 0.012911
102 36 0.135269 -0.0706697
105 36 0.14857 -0.156305
108 36 0.177595 -0.242776
111 36 0.222029 -0.320406
114 36 0.27422 -0.392975
117 36 0.338879 -0.456123
120 36 0.409387 -0.509323
123 36 0.485432 -0.553643
126 36 0.566224 -0.58855
129 36 0.650325 -0.612906
132 36 0.73493 -0.626675
135 36 0.818192 -0.630982
138 36 0.898893 -0.626816
141 36 0.975877 -0.615256
144 36 1.04833 -0.597532
147 36 1.11584 -0.574889
150 36 1.17831 -0.54833
153 36 1.23568 -0.518698
156 36 1.28799 -0.486732
159 36 1.3353 -0.453072
162 36 1.37778 -0.418264
165 36 1.4156 -0.382769
168 36 1.4491 -0.346987
171 36 1.47841 -0.311224
174 36 1.50388 -0.275671
177 36 1.52571 -0.240475
180 36 1.5442 -0.205719
183 36 1.55951 -0.171452
186 36 1.57183 -0.137611
189 36 1.58133 -0.104153
192 36 1.58813 -0.071064
195 36 1.59235 -0.038208
198 36 1.59399 -0.00543976
0 39 1.60353 0.00566483
3 39 1.60203 0.0394821
6 39 1.59834 0.0734482
9 39 1.59221 0.107773
12 39 1.5837 0.142517
15 39 1.57264 0.177811
18 39 1.55882 0.213806
21 39 1.54205 0.250454
24 39 1.5221 0.287823
27 39 1.49868 0.325916
30 39 1.47143 0.364597
33 39 1.44007 0.403713
36 39 1.40422 0.442953
39 39 1.36352 0.482
42 39 1.31771 0.520353
45 39 1.26645 0.557469
48 39 1.20962 0.592635
51 39 1.14704 0.625162
54 39 1.0786 0.654206
57 39 1.00411 0.678766
60 39 0.92354 0.697376
63 39 0.837456 0.70816
66 39 0.74737 0.709598
69 39 0.654595 0.701119
72 39 0.55908 0.680505
75 39 0.46666 0.644466
78 39 0.381035 0.599028
81 39 0.301778 0.54335
84 39 0.228924 0.484066
87 39 0.151192 0.385351
90 39 0.0999596 0.326041
93 39 0.0574375 0.206836
96 39 0.0477596 0.105534
99 39 0.0447398 0.0135107
102 39 0.0466356 -0.0766751
105 39 0.0531706 -0.173903
108 39 0.0774988 -0.28917
111 39 0.150415 -0.360787
114 39 0.192651 -0.463454
117 39 0.27791 -0.528283
120 39 0.356988 -0.587135
123 39 0.443319 -0.636754
126 39 0.53428 -0.677205
129 39 0.631566 -0.703362
132 39 0.726978 -0.715623
135 39 0.819746 -0.717504
138 39 0.909064 -0.7096
141 39 0.993274 -0.693124
144 39 1.07138 -0.66996
147 39 1.14334 -0.641746
150 39 1.20923 -0.609666
153 39 1.26924 -0.574594
156 39 1.32349 -0.537264
159 39 1.37214 -0.498394
162 39 1.41538 -0.45862
165 39 1.45357 -0.418409
168 39 1.48701 -0.378237
171 39 1.51604 -0.33839
174 39 1.54109 -0.29903
177 39 1.5624 -0.260319
180 39 1.58027 -0.222294
183 39 1.59505 -0.184971
186 39 1.60688 -0.148293
189 39 1.61593 -0.112171
192 39 1.6224 -0.0764885
195 39 1.62639 -0.0410576
198 39 1.62795 -0.00587082
0 42 1.63842 0.00601959
3 42 1.63704 0.0419884
6 42 1.63357 0.0782242
9 42 1.62791 0.114807
12 42 1.61997 0.152016
15 42 1.60958 0.189911
18 42 1.59657 0.228691
21 42 1.58068 0.268417
24 42 1.56158 0.309134
27 42 1.53899 0.350876
30 42 1.51246 0.393606
33 42 1.4816 0.437149
36 42 1.44594 0.481272
39 42 1.405 0.525547
42 42 1.35837 0.569511
45 42 1.30563 0.612459
48 42 1.24659 0.653657
51 42 1.18107 0.692356
54 42 1.10885 0.727841
57 42 1.0294 0.759286
60 42 0.941774 0.784948
63 42 0.845945 0.801588
66 42 0.744957 0.806034
69 42 0.643619 0.800805
72 42 0.529963 0.787222
75 42 0.416383 0.732394
78 42 0.349858 0.702356
81 42 0.344692 0.6496
84 42 0.173954 0.173954
87 42 0 0
90 42 0 0
93 42 0 0
96 42 0 0
99 42 0 0
102 42 0 0
105 42 0 0
108 42 0 0
111 42 0 0
114 42 0 0
117 42 0.0891252 -0.629635
120 42 0.256066 -0.680448
123 42 0.400426 -0.723688
126 42 0.494665 -0.783925
129 42 0.616796 -0.807566
132 42 0.721253 -0.814428
135 42 0.824594 -0.81405
138 42 0.924565 -0.801089
141 42 1.01688 -0.777646
144 42 1.10066 -0.747353
147 42 1.17682 -0.712467
150 42 1.24602 -0.674005
153 42 1.30859 -0.632722
156 42 1.36463 -0.589331
159 42 1.41435 -0.54464
162 42 1.45809 -0.499361
165 42 1.49624 -0.454062
168 42 1.5293 -0.409176
171 42 1.55773 -0.365
174 42 1.582 -0.32172
177 42 1.60245 -0.279449
180 42 1.61954 -0.238235
183 42 1.63343 -0.19788
186 42 1.6446 -0.15844
189 42 1.65311 -0.119667
192 42 1.65915 -0.0815353
195 42 1.66285 -0.0437889
198 42 1.66427 -0.00626373
0 45 1.67536 0.0063324
3 45 1.67412 0.0442886
6 45 1.67099 0.0825653
9 45 1.66589 0.121288
12 45 1.65868 0.160744
15 45 1.6492 0.201122
18 45 1.63723 0.242588
21 45 1.62248 0.285307
24 45 1.60463 0.329338
27 45 1.58322 0.374855
30 45 1.55783 0.421783
33 45 1.52794 0.470026
36 45 1.49293 0.51935
39 45 1.45221 0.569412
42 45 1.40511 0.619607
45 45 1.35117 0.669187
48 45 1.29004 0.71719
51 45 1.22171 0.762756
54 45 1.14624 0.805419
57 45 1.06292 0.845279
60 45 0.96874 0.881471
63 45 0.860087 0.907889
66 45 0.740887 0.914373
69 45 0.639331 0.896294
72 45 0.478142 0.926048
75 45 0.145566 0.647691
78 45 0 0
81 45 0 0
84 45 0 0
87 45 0 0
90 45 0 0
93 45 0 0
96 45 0 0
99 45 0 0
102 45 0 0
105 45 0 0
108 45 0 0
111 45 0 0
114 45 0 0
117 45 0 0
120 45 0 0
123 45 0.254042 -0.254042
126 45 0.58643 -1.0032
129 45 0.634196 -0.915841
132 45 0.711099 -0.920893
135 45 0.833278 -0.924391
138 45 0.948374 -0.903225
141 45 1.0492 -0.868739
144 45 1.13753 -0.8292
147 45 1.21718 -0.786721
150 45 1.28947 -0.741222
153 45 1.35448 -0.692962
156 45 1.41211 -0.642719
159 45 1.46256 -0.591478
162 45 1.50633 -0.540112
165 45 1.544 -0.489233
168 45 1.57621 -0.439362
171 45 1.60355 -0.390724
174 45 1.62666 -0.343452
177 45 1.64592 -0.297619
180 45 1.66186 -0.253113
183 45 1.67473 -0.209942
186 45 1.68494 -0.167854
189 45 1.6927 -0.126663
192 45 1.69817 -0.086235
195 45 1.70153 -0.0462646
198 45 1.70282 -0.00659943
0 48 1.7142 0.00661469
3 48 1.71311 0.0463753
6 48 1.7104 0.0864601
9 48 1.70597 0.127094
12 48 1.69965 0.168594
15 48 1.69132 0.211277
18 48 1.68064 0.255226
21 48 1.66739 0.300823
24 48 1.65112 0.348175
27 48 1.63142 0.397417
30 48 1.60773 0.448597
33 48 1.57936 0.501759
36 48 1.54566 0.556673
39 48 1.50575 0.61306
42 48 1.45877 0.670319
45 48 1.40392 0.727477
48 48 1.3407 0.783228
51 48 1.26937 0.836146
54 48 1.19114 0.885734
57 48 1.10689 0.9341
60 48 1.01185 0.986645
63 48 0.883021 1.03423
66 48 0.753545 1.078
69 48 0.236868 0.888066
72 48 0 0
75 48 0 0
78 48 0 0
81 48 0 0
84 48 0 0
87 48 0 0
90 48 0 0
93 48 0 0
96 48 0 0
99 48 0 0
102 48 0 0
105 48 0 0
108 48 0 0
111 48 0 0
114 48 0 0
117 48 0 0
120 48 0 0
123 48 0 0
126 48 0 0
129 48 0.329865 -0.329865
132 48 0.607408 -1.05658
135 48 0.846601 -1.05345
138 48 0.989119 -1.01877
141 48 1.09397 -0.963695
144 48 1.18263 -0.913773
147 48 1.2647 -0.8641
150 48 1.34022 -0.8113
153 48 1.4078 -0.755202
156 48 1.46678 -0.697091
159 48 1.51751 -0.638435
162 48 1.56069 -0.580305
165 48 1.59725 -0.523451
168 48 1.62797 -0.468309
171 48 1.65371 -0.415031
174 48 1.67508 -0.36375
177 48 1.69273 -0.314377
180 48 1.70712 -0.266788
183 48 1.71867 -0.220856
186 48 1.72773 -0.176296
189 48 1.73458 -0.132896
192 48 1.73939 -0.0903511
195 48 1.74227 -0.0484886
198 48 1.74342 -0.00691605
0 51 1.7546 0.00683975
3 51 1.75375 0.0480728
6 51 1.75152 0.0896835
9 51 1.7479 0.131973
12 51 1.74264 0.175327
15 51 1.73568 0.219997
18 51 1.72667 0.26635
21 51 1.71529 0.314608
24 51 1.7011 0.365082
27 51 1.68362 0.41799
30 51 1.66223 0.473469
33 51 1.63616 0.531656
36 51 1.60454 0.592499
39 51 1.56635 0.655797
42 51 1.52033 0.721029
45 51 1.46515 0.787154
48 51 1.39963 0.852213
51 51 1.32398 0.913251
54 51 1.24144 0.967884
57 51 1.15877 1.01844
60 51 1.08564 1.08203
63 51 1.04444 1.34766
66 51 0 0
69 51 0 0
72 51 0 0
75 51 0 0
78 51 0 0
81 51 0 0
84 51 0 0
87 51 0 0
90 51 0 0
93 51 0 0
96 51 0 0
99 51 0 0
102 51 0 0
105 51 0 0
108 51 0 0
111 51 0 0
114 51 0 0
117 51 0 0
120 51 0 0
123 51 0 0
126 51 0 0
129 51 0 0
132 51 0 0
135 51 0.324528 -1.16217
138 51 1.08226 -1.13475
141 51 1.15055 -1.05116
144 51 1.23325 -0.998737
147 51 1.3187 -0.945136
150 51 1.3991 -0.884895
153 51 1.46981 -0.819469
156 51 1.52982 -0.75197
159 51 1.57999 -0.684771
162 51 1.62168 -0.619215
165 51 1.65622 -0.555954
168 51 1.68472 -0.495344
171 51 1.70812 -0.43741
174 51 1.72726 -0.382132
177 51 1.74276 -0.329334
180 51 1.75521 -0.278835
183 51 1.76513 -0.230312
186 51 1.7727 -0.183559
189 51 1.77842 -0.138195
192 51 1.78239 -0.0939102
195 51 1.78477 -0.0503349
198 51 1.78572 -0.00718307
0 54 1.79634 0.0070343
3 54 1.79574 0.0494118
6 54 1.79409 0.0922356
9 54 1.79138 0.135853
12 54 1.78746 0.180706
15 54 1.78214 0.227097
18 54 1.77504 0.275455
21 54 1.76595 0.326174
24 54 1.75435 0.379553
27 54 1.73973 0.435928
30 54 1.72137 0.495636
33 54 1.69847 0.558868
36 54 1.67001 0.625841
39 54 1.63475 0.696517
42 54 1.5911 0.770711
45 54 1.53687 0.847697
48 54 1.46918 0.925205
51 54 1.38603 0.997409
54 54 1.29215 1.05573
57 54 1.20206 1.09658
60 54 1.1358 1.12155
63 54 0 0
66 54 0 0
69 54 0 0
72 54 0 0
75 54 0 0
78 54 0 0
81 54 0 0
84 54 0 0
87 54 0 0
90 54 0 0
93 54 0 0
96 54 0 0
99 54 0 0
102 54 0 0
105 54 0 0
108 54 0 0
111 54 0 0
114 54 0 0
117 54 0 0
120 54 0 0
123 54 0 0
126 54 0 0
129 54 0 0
132 54 0 0
135 54 0 0
138 54 0.570471 -0.570471
141 54 1.19464 -1.12342
144 54 1.28144 -1.08719
147 54 1.37825 -1.03375
150 54 1.46818 -0.963881
153 54 1.54283 -0.885655
156 54 1.60273 -0.806405
159 54 1.65092 -0.729392
162 54 1.68981 -0.655748
165 54 1.72122 -0.58581
168 54 1.74653 -0.519646
171 54 1.76683 -0.457102
174 54 1.78302 -0.397993
177 54 1.79586 -0.342024
180 54 1.80594 -0.288826
183 54 1.81375 -0.23811
186 54 1.81962 -0.189442
189 54 1.82401 -0.142441
192 54 1.82697 -0.0966682
195 54 1.82876 -0.0518036
198 54 1.82944 -0.00740051
0 57 1.83906 0.0071907
3 57 1.83867 0.0503235
6 57 1.83769 0.0939598
9 57 1.8361 0.138531
12 57 1.83366 0.184494
15 57 1.83023 0.232269
18 57 1.82547 0.282272
21 57 1.81911 0.335033
24 57 1.81063 0.39098
27 57 1.79953 0.450563
30 57 1.78503 0.514221
33 57 1.76629 0.582401
36 57 1.74221 0.655434
39 57 1.71147 0.733639
42 57 1.67233 0.817399
45 57 1.62207 0.907201
48 57 1.55514 1.00279
51 57 1.46068 1.0964
54 57 1.33941 1.16237
57 57 1.2233 1.18829
60 57 0 0
63 57 0 0
66 57 0 0
69 57 0 0
72 57 0 0
75 57 0 0
78 57 0 0
81 57 0 0
84 57 0 0
87 57 0 0
90 57 0 0
93 57 0 0
96 57 0 0
99 57 0 0
102 57 0 0
105 57 0 0
108 57 0 0
111 57 0 0
114 57 0 0
117 57 0 0
120 57 0 0
123 57 0 0
126 57 0 0
129 57 0 0
132 57 0 0
135 57 0 0
138 57 0 0
141 57 0.604299 -0.604299
144 57 1.31997 -1.19353
147 57 1.44617 -1.14033
150 57 1.55408 -1.05083
153 57 1.63076 -0.952206
156 57 1.68727 -0.858282
159 57 1.731 -0.770553
162 57 1.76535 -0.688544
165 57 1.79229 -0.611904
168 57 1.81332 -0.540287
171 57 1.82959 -0.473366
174 57 1.84211 -0.410721
177 57 1.85166 -0.351885
180 57 1.85891 -0.296452
183 57 1.8642 -0.243874
186 57 1.86811 -0.193684
189 57 1.8709 -0.145393
192 57 1.87275 -0.0986252
195 57 1.87379 -0.0527763
198 57 1.87419 -0.00752258
0 60 1.88228 0.00722122
3 60 1.88218 0.0507088
6 60 1.88198 0.0947533
9 60 1.8816 0.139843
12 60 1.88083 0.18644
15 60 1.87959 0.235126
18 60 1.87752 0.286392
21 60 1.87433 0.340723
24 60 1.86958 0.398743
27 60 1.86267 0.461086
30 60 1.85292 0.528318
33 60 1.83942 0.601009
36 60 1.82104 0.679808
39 60 1.79647 0.765247
42 60 1.76425 0.858051
45 60 1.72295 0.960158
48 60 1.66875 1.0784
51 60 1.57241 1.22595
54 60 1.37695 1.31313
57 60 0 0
60 60 0 0
63 60 0 0
66 60 0 0
69 60 0 0
72 60 0 0
75 60 0 0
78 60 0 0
81 60 0 0
84 60 0 0
87 60 0 0
90 60 0 0
93 60 0 0
96 60 0 0
99 60 0 0
102 60 0 0
105 60 0 0
108 60 0 0
111 60 0 0
114 60 0 0
117 60 0 0
120 60 0 0
123 60 0 0
126 60 0 0
129 60 0 0
132 60 0 0
135 60 0 0
138 60 0 0
141 60 0 0
144 60 0.669459 -0.669459
147 60 1.53682 -1.29086
150 60 1.67426 -1.14224
153 60 1.7377 -1.01256
156 60 1.78404 -0.903867
159 60 1.8203 -0.80602
162 60 1.84823 -0.716024
165 60 1.86924 -0.632965
168 60 1.88481 -0.556269
171 60 1.89611 -0.485365
174 60 1.90416 -0.419598
177 60 1.90981 -0.358397
180 60 1.91362 -0.301136
183 60 1.91616 -0.247196
186 60 1.91777 -0.195969
189 60 1.91874 -0.146946
192 60 1.91923 -0.0995445
195 60 1.91952 -0.0532761
198 60 1.9196 -0.00758362
0 63 1.92559 0.00719452
3 63 1.92582 0.0505371
6 63 1.92648 0.0945206
9 63 1.92741 0.139633
12 63 1.92855 0.186344
15 63 1.92974 0.235409
18 63 1.93068 0.287312
21 63 1.93113 0.342699
24 63 1.93062 0.402281
27 63 1.92863 0.466763
30 63 1.92453 0.536911
33 63 1.91738 0.613531
36 63 1.90605 0.697526
39 63 1.88912 0.789616
42 63 1.86512 0.889998
45 63 1.83504 0.998904
48 63 1.80437 1.11914
51 63 2.00735 1.43463
54 63 0 0
57 63 0 0
60 63 0 0
63 63 0 0
66 63 0 0
69 63 0 0
72 63 0 0
75 63 0 0
78 63 0 0
81 63 0 0
84 63 0 0
87 63 0 0
90 63 0 0
93 63 0 0
96 63 0 0
99 63 0 0
102 63 0 0
105 63 0 0
108 63 0 0
111 63 0 0
114 63 0 0
117 63 0 0
120 63 0 0
123 63 0 0
126 63 0 0
129 63 0 0
132 63 0 0
135 63 0 0
138 63 0 0
141 63 0 0
144 63 0 0
147 63 0.824599 -0.824599
150 63 1.83171 -1.17883
153 63 1.8582 -1.05464
156 63 1.89049 -0.939526
159 63 1.91799 -0.833877
162 63 1.93801 -0.736572
165 63 1.95163 -0.647633
168 63 1.96048 -0.56646
171 63 1.9658 -0.492184
174 63 1.96864 -0.423973
177 63 1.96974 -0.361006
180 63 1.96968 -0.302509
183 63 1.96897 -0.247765
186 63 1.96798 -0.196102
189 63 1.96693 -0.146828
192 63 1.96603 -0.0994034
195 63 1.96539 -0.053154
198 63 1.96513 -0.00756836
0 66 1.96851 0.00708771
3 66 1.96914 0.0497704
6 66 1.97068 0.0931206
9 66 1.97308 0.137657
12 66 1.97626 0.184029
15 66 1.98008 0.232845
18 66 1.98433 0.284781
21 66 1.98879 0.340511
24 66 1.9931 0.400881
27 66 1.99673 0.466738
30 66 1.99912 0.539015
33 66 1.99944 0.618719
36 66 1.99665 0.707096
39 66 1.98908 0.8055
42 66 1.97318 0.91423
45 66 1.94613 1.02388
48 66 1.98192 1.16226
51 66 0 0
54 66 0 0
57 66 0 0
60 66 0 0
63 66 0 0
66 66 0 0
69 66 0 0
72 66 0 0
75 66 0 0
78 66 0 0
81 66 0 0
84 66 0 0
87 66 0 0
90 66 0 0
93 66 0 0
96 66 0 0
99 66 0 0
102 66 0 0
105 66 0 0
108 66 0 0
111 66 0 0
114 66 0 0
117 66 0 0
120 66 0 0
123 66 0 0
126 66 0 0
129 66 0 0
132 66 0 0
135 66 0 0
138 66 0 0
141 66 0 0
144 66 0 0
147 66 0 0
150 66 2.16023 -1.43677
153 66 1.97622 -1.07543
156 66 2.00272 -0.9672
159 66 2.02367 -0.853343
162 66 2.03419 -0.748631
165 66 2.03878 -0.65454
168 66 2.03964 -0.569738
171 66 2.03801 -0.49295
174 66 2.03478 -0.423079
177 66 2.03075 -0.359121
180 66 2.02636 -0.300142
183 66 2.02207 -0.245296
186 66 2.01823 -0.193787
189 66 2.01502 -0.144978
192 66 2.01255 -0.0980263
195 66 2.01092 -0.0524025
198 66 2.01031 -0.00744247
0 69 2.01051 0.0069046
3 69 2.01144 0.0483551
6 69 2.01401 0.0905075
9 69 2.01797 0.133987
12 69 2.02328 0.179298
15 69 2.02993 0.227192
18 69 2.03781 0.278406
21 69 2.04663 0.333725
24 69 2.05619 0.394026
27 69 2.06608 0.460312
30 69 2.07573 0.533672
33 69 2.08455 0.615295
36 69 2.09177 0.706597
39 69 2.0968 0.810037
42 69 2.09667 0.933119
45 69 2.05084 1.08356
48 69 1.7564 0.440503
51 69 0 0
54 69 0 0
57 69 0 0
60 69 0 0
63 69 0 0
66 69 0 0
69 69 0 0
72 69 0 0
75 69 0 0
78 69 0 0
81 69 0 0
84 69 0 0
87 69 0 0
90 69 0 0
93 69 0 0
96 69 0 0
99 69 0 0
102 69 0 0
105 69 0 0
108 69 0 0
111 69 0 0
114 69 0 0
117 69 0 0
120 69 0 0
123 69 0 0
126 69 0 0
129 69 0 0
132 69 0 0
135 69 0 0
138 69 0 0
141 69 0 0
144 69 0 0
147 69 0 0
150 69 0 0
153 69 2.02486 -1.1247
156 69 2.13281 -0.998221
159 69 2.13945 -0.86159
162 69 2.13588 -0.749878
165 69 2.12955 -0.652188
168 69 2.12124 -0.565054
171 69 2.11174 -0.486835
174 69 2.1018 -0.416306
177 69 2.09203 -0.352276
180 69 2.08292 -0.293646
183 69 2.07478 -0.239471
186 69 2.06784 -0.1889
189 69 2.06226 -0.141071
192 69 2.05818 -0.0953026
195 69 2.05554 -0.0508957
198 69 2.05449 -0.00723267
0 72 2.05098 0.00658798
3 72 2.05235 0.0462952
6 72 2.05586 0.0866585
9 72 2.06141 0.128311
12 72 2.06902 0.171955
15 72 2.07864 0.218227
18 72 2.09027 0.267946
21 72 2.10375 0.321938
24 72 2.11894 0.381191
27 72 2.13559 0.446848
30 72 2.15322 0.520086
33 72 2.17125 0.602272
36 72 2.18907 0.694506
39 72 2.20732 0.797169
42 72 2.23803 0.911815
45 72 2.30537 1.00374
48 72 0 0
51 72 0 0
54 72 0 0
57 72 0 0
60 72 0 0
63 72 0 0
66 72 0 0
69 72 0 0
72 72 0 0
75 72 0 0
78 72 0 0
81 72 0 0
84 72 0 0
87 72 0 0
90 72 0 0
93 72 0 0
96 72 0 0
99 72 0 0
102 72 0 0
105 72 0 0
108 72 0 0
111 72 0 0
114 72 0 0
117 72 0 0
120 72 0 0
123 72 0 0
126 72 0 0
129 72 0 0
132 72 0 0
135 72 0 0
138 72 0 0
141 72 0 0
144 72 0 0
147 72 0 0
150 72 0 0
153 72 2.15751 -0.497844
156 72 2.305 -0.974118
159 72 2.25965 -0.847394
162 72 2.24008 -0.738114
165 72 2.2223 -0.639454
168 72 2.20403 -0.551435
171 72 2.18589 -0.473061
174 72 2.16858 -0.403038
177 72 2.15268 -0.339996
180 72 2.13849 -0.282728
183 72 2.12626 -0.230122
186 72 2.11613 -0.181236
189 72 2.10809 -0.135147
192 72 2.10228 -0.0912666
195 72 2.09855 -0.0487175
198 72 2.09707 -0.00695419
0 75 2.08938 0.00618744
3 75 2.09116 0.0435028
6 75 2.09561 0.0815048
9 75 2.10279 0.120785
12 75 2.11269 0.161991
15 75 2.12535 0.205898
18 75 2.14086 0.253225
21 75 2.15917 0.304888
24 75 2.18025 0.361982
27 75 2.20406 0.425749
30 75 2.23028 0.497564
33 75 2.25829 0.579115
36 75 2.28681 0.671741
39 75 2.31279 0.775242
42 75 2.31558 0.873804
45 75 1.8049 0.371477
48 75 0 0
51 75 0 0
54 75 0 0
57 75 0 0
60 75 0 0
63 75 0 0
66 75 0 0
69 75 0 0
72 75 0 0
75 75 0 0
78 75 0 0
81 75 0 0
84 75 0 0
87 75 0 0
90 75 0 0
93 75 0 0
96 75 0 0
99 75 0 0
102 75 0 0
105 75 0 0
108 75 0 0
111 75 0 0
114 75 0 0
117 75 0 0
120 75 0 0
123 75 0 0
126 75 0 0
129 75 0 0
132 75 0 0
135 75 0 0
138 75 0 0
141 75 0 0
144 75 0 0
147 75 0 0
150 75 0 0
153 75 0 0
156 75 2.33403 -0.897359
159 75 2.36744 -0.825013
162 75 2.34439 -0.715569
165 75 2.31575 -0.615947
168 75 2.28673 -0.528116
171 75 2.25914 -0.450985
174 75 2.23395 -0.382788
177 75 2.21153 -0.322006
180 75 2.19209 -0.267149
183 75 2.17565 -0.217064
186 75 2.16221 -0.170681
189 75 2.15174 -0.127224
192 75 2.14412 -0.0858192
195 75 2.13945 -0.0457954
198 75 2.13753 -0.00651932
0 78 2.12507 0.0056839
3 78 2.12723 0.0400047
6 78 2.13269 0.0750313
9 78 2.14143 0.111282
12 78 2.15359 0.149426
15 78 2.16926 0.190136
18 78 2.1886 0.234175
21 78 2.2117 0.282499
24 78 2.23885 0.336178
27 78 2.27007 0.39657
30 78 2.30545 0.465343
33 78 2.34462 0.544716
36 78 2.3862 0.637311
39 78 2.42744 0.74546
42 78 2.51414 0.940734
45 78 0 0
48 78 0 0
51 78 0 0
54 78 0 0
57 78 0 0
60 78 0 0
63 78 0 0
66 78 0 0
69 78 0 0
72 78 0 0
75 78 0 0
78 78 0 0
81 78 0 0
84 78 0 0
87 78 0 0
90 78 0 0
93 78 0 0
96 78 0 0
99 78 0 0
102 78 0 0
105 78 0 0
108 78 0 0
111 78 0 0
114 78 0 0
117 78 0 0
120 78 0 0
123 78 0 0
126 78 0 0
129 78 0 0
132 78 0 0
135 78 0 0
138 78 0 0
141 78 0 0
144 78 0 0
147 78 0 0
150 78 0 0
153 78 0 0
156 78 2.71659 -1.34726
159 78 2.49506 -0.800388
162 78 2.45208 -0.68146
165 78 2.40931 -0.580338
168 78 2.36788 -0.494087
171 78 2.33 -0.419886
174 78 2.29647 -0.355225
177 78 2.26741 -0.298069
180 78 2.24266 -0.246838
183 78 2.22202 -0.200275
186 78 2.20539 -0.157322
189 78 2.19247 -0.117149
192 78 2.18316 -0.0789795
195 78 2.17741 -0.0421371
198 78 2.17511 -0.00600815
0 81 2.15756 0.00512314
3 81 2.16005 0.0359459
6 81 2.16644 0.0673447
9 81 2.17669 0.099926
12 81 2.191 0.13427
15 81 2.20953 0.17099
18 81 2.23254 0.210863
21 81 2.26034 0.254751
24 81 2.29329 0.303715
27 81 2.3319 0.359076
30 81 2.3767 0.422657
33 81 2.4282 0.497053
36 81 2.48651 0.586882
39 81 2.54745 0.70335
42 81 2.70665 1.26
45 81 0 0
48 81 0 0
51 81 0 0
54 81 0 0
57 81 0 0
60 81 0 0
63 81 0 0
66 81 0 0
69 81 0 0
72 81 0 0
75 81 0 0
78 81 0 0
81 81 0 0
84 81 0 0
87 81 0 0
90 81 0 0
93 81 0 0
96 81 0 0
99 81 0 0
102 81 0 0
105 81 0 0
108 81 0 0
111 81 0 0
114 81 0 0
117 81 0 0
120 81 0 0
123 81 0 0
126 81 0 0
129 81 0 0
132 81 0 0
135 81 0 0
138 81 0 0
141 81 0 0
144 81 0 0
147 81 0 0
150 81 0 0
153 81 0 0
156 81 0.804189 -0.804189
159 81 2.62542 -0.773145
162 81 2.5633 -0.630466
165 81 2.50114 -0.529675
168 81 2.4452 -0.44805
171 81 2.39643 -0.379385
174 81 2.35452 -0.320211
177 81 2.31894 -0.268276
180 81 2.28909 -0.22191
183 81 2.26454 -0.179882
186 81 2.24478 -0.141193
189 81 2.2296 -0.105099
192 81 2.21869 -0.0708313
195 81 2.21199 -0.0377922
198 81 2.20927 -0.00537491
0 84 2.18622 0.00444794
3 84 2.18908 0.0311432
6 84 2.19629 0.0584679
9 84 2.20793 0.0867882
12 84 2.22419 0.116688
15 84 2.24534 0.14872
18 84 2.27169 0.183586
21 84 2.30376 0.221977
24 84 2.3421 0.264887
27 84 2.38754 0.313486
30 84 2.44121 0.369338
33 84 2.50463 0.434712
36 84 2.58125 0.512309
39 84 2.70315 0.634728
42 84 0.830519 0.830519
45 84 0 0
48 84 0 0
51 84 0 0
54 84 0 0
57 84 0 0
60 84 0 0
63 84 0 0
66 84 0 0
69 84 0 0
72 84 0 0
75 84 0 0
78 84 0 0
81 84 0 0
84 84 0 0
87 84 0 0
90 84 0 0
93 84 0 0
96 84 0 0
99 84 0 0
102 84 0 0
105 84 0 0
108 84 0 0
111 84 0 0
114 84 0 0
117 84 0 0
120 84 0 0
123 84 0 0
126 84 0 0
129 84 0 0
132 84 0 0
135 84 0 0
138 84 0 0
141 84 0 0
144 84 0 0
147 84 0 0
150 84 0 0
153 84 0 0
156 84 0 0
159 84 2.85557 -0.79079
162 84 2.67366 -0.548318
165 84 2.5859 -0.460911
168 84 2.51526 -0.389403
171 84 2.45593 -0.329477
174 84 2.40625 -0.278057
177 84 2.36472 -0.23295
180 84 2.33031 -0.192688
183 84 2.30217 -0.156155
186 84 2.27967 -0.122543
189 84 2.26243 -0.0911636
192 84 2.25006 -0.0614624
195 84 2.24245 -0.0327759
198 84 2.23943 -0.00465393
0 87 2.21064 0.00370407
3 87 2.21377 0.0258827
6 87 2.22174 0.0485954
9 87 2.23454 0.0721283
12 87 2.25247 0.097023
15 87 2.27592 0.123688
18 87 2.30519 0.15274
21 87 2.34091 0.184748
24 87 2.38384 0.220469
27 87 2.43504 0.260719
30 87 2.49609 0.306615
33 87 2.56933 0.360138
36 87 2.65405 0.425799
39 87 2.68247 0.474914
42 87 0 0
45 87 0 0
48 87 0 0
51 87 0 0
54 87 0 0
57 87 0 0
60 87 0 0
63 87 0 0
66 87 0 0
69 87 0 0
72 87 0 0
75 87 0 0
78 87 0 0
81 87 0 0
84 87 0 0
87 87 0 0
90 87 0 0
93 87 0 0
96 87 0 0
99 87 0 0
102 87 0 0
105 87 0 0
108 87 0 0
111 87 0 0
114 87 0 0
117 87 0 0
120 87 0 0
123 87 0 0
126 87 0 0
129 87 0 0
132 87 0 0
135 87 0 0
138 87 0 0
141 87 0 0
144 87 0 0
147 87 0 0
150 87 0 0
153 87 0 0
156 87 0 0
159 87 2.67364 -0.418788
162 87 2.74686 -0.452149
165 87 2.65731 -0.377321
168 87 2.5741 -0.319157
171 87 2.50588 -0.271235
174 87 2.4498 -0.229723
177 87 2.40347 -0.192886
180 87 2.36525 -0.159721
183 87 2.33411 -0.129505
186 87 2.3093 -0.101707
189 87 2.29032 -0.0756645
192 87 2.27676 -0.050972
195 87 2.26835 -0.0271378
198 87 2.26503 -0.00386429
0 90 2.23034 0.00285721
3 90 2.23368 0.0201378
6 90 2.24223 0.0378189
9 90 2.25604 0.0560837
12 90 2.27537 0.0755043
15 90 2.30065 0.0963116
18 90 2.33228 0.118923
21 90 2.37093 0.143829
24 90 2.41741 0.17152
27 90 2.47281 0.202383
30 90 2.53878 0.23666
33 90 2.619 0.273943
36 90 2.72841 0.314814
39 90 2.99713 0.335218
42 90 0 0
45 90 0 0
48 90 0 0
51 90 0 0
54 90 0 0
57 90 0 0
60 90 0 0
63 90 0 0
66 90 0 0
69 90 0 0
72 90 0 0
75 90 0 0
78 90 0 0
81 90 0 0
84 90 0 0
87 90 0 0
90 90 0 0
93 90 0 0
96 90 0 0
99 90 0 0
102 90 0 0
105 90 0 0
108 90 0 0
111 90 0 0
114 90 0 0
117 90 0 0
120 90 0 0
123 90 0 0
126 90 0 0
129 90 0 0
132 90 0 0
135 90 0 0
138 90 0 0
141 90 0 0
144 90 0 0
147 90 0 0
150 90 0 0
153 90 0 0
156 90 0 0
159 90 3.39327 -0.160698
162 90 2.85836 -0.322257
165 90 2.71249 -0.275378
168 90 2.61751 -0.239431
171 90 2.54379 -0.206875
174 90 2.48372 -0.176802
177 90 2.43415 -0.149172
180 90 2.3932 -0.123846
183 90 2.35979 -0.100538
186 90 2.33316 -0.0789948
189 90 2.31277 -0.0588036
192 90 2.29824 -0.0396156
195 90 2.28924 -0.0211411
198 90 2.28569 -0.00302124
0 93 2.24489 0.00200272
3 93 2.24847 0.0140305
6 93 2.25747 0.0263176
9 93 2.27201 0.0391121
12 93 2.29239 0.0526199
15 93 2.31902 0.0671158
18 93 2.35241 0.0828629
21 93 2.39315 0.10017
24 93 2.44213 0.119347
27 93 2.50019 0.140562
30 93 2.56823 0.163612
33 93 2.64627 0.185776
36 93 2.73137 0.190355
39 93 2.81311 0.10487
42 93 0 0
45 93 0 0
48 93 0 0
51 93 0 0
54 93 0 0
57 93 0 0
60 93 0 0
63 93 0 0
66 93 0 0
69 93 0 0
72 93 0 0
75 93 0 0
78 93 0 0
81 93 0 0
84 93 0 0
87 93 0 0
90 93 0 0
93 93 0 0
96 93 0 0
99 93 0 0
102 93 0 0
105 93 0 0
108 93 0 0
111 93 0 0
114 93 0 0
117 93 0 0
120 93 0 0
123 93 0 0
126 93 0 0
129 93 0 0
132 93 0 0
135 93 0 0
138 93 0 0
141 93 0 0
144 93 0 0
147 93 0 0
150 93 0 0
153 93 0 0
156 93 0 0
159 93 2.94827 -0.030144
162 93 2.84216 -0.145144
165 93 2.7304 -0.166039
168 93 2.64147 -0.157027
171 93 2.56853 -0.140028
174 93 2.50746 -0.121374
177 93 2.45625 -0.103109
180 93 2.41364 -0.0859032
183 93 2.37869 -0.0698833
186 93 2.35083 -0.0549126
189 93 2.32946 -0.0409241
192 93 2.31418 -0.0275879
195 93 2.30474 -0.0147209
198 93 2.30102 -0.00211334
0 96 2.2542 0.00109482
3 96 2.25789 0.00766754
6 96 2.26709 0.0143852
9 96 2.28212 0.0213356
12 96 2.3032 0.0286903
15 96 2.3307 0.0366135
18 96 2.36513 0.0452175
21 96 2.40722 0.0546303
24 96 2.45771 0.0650482
27 96 2.51751 0.076685
30 96 2.58728 0.0900841
33 96 2.66564 0.107738
36 96 2.73363 0.139085
39 96 2.66441 0.13873
42 96 0 0
45 96 0 0
48 96 0 0
51 96 0 0
54 96 0 0
57 96 0 0
60 96 0 0
63 96 0 0
66 96 0 0
69 96 0 0
72 96 0 0
75 96 0 0
78 96 0 0
81 96 0 0
84 96 0 0
87 96 0 0
90 96 0 0
93 96 0 0
96 96 0 0
99 96 0 0
102 96 0 0
105 96 0 0
108 96 0 0
111 96 0 0
114 96 0 0
117 96 0 0
120 96 0 0
123 96 0 0
126 96 0 0
129 96 0 0
132 96 0 0
135 96 0 0
138 96 0 0
141 96 0 0
144 96 0 0
147 96 0 0
150 96 0 0
153 96 0 0
156 96 0 0
159 96 2.83774 -0.0101039
162 96 2.79633 -0.0592508
165 96 2.72468 -0.079463
168 96 2.65011 -0.0808449
171 96 2.5816 -0.0743866
174 96 2.52142 -0.0653725
177 96 2.46981 -0.0559044
180 96 2.4264 -0.0467415
183 96 2.39065 -0.0380955
186 96 2.362 -0.0299568
189 96 2.33998 -0.0223351
192 96 2.3243 -0.0150681
195 96 2.31462 -0.00802994
198 96 2.31076 -0.00115585
0 99 2.25799 0.00018692
3 99 2.2617 0.00114059
6 99 2.27105 0.00215912
9 99 2.28626 0.00323105
12 99 2.30755 0.00429535
15 99 2.33541 0.00549126
18 99 2.37029 0.00671196
21 99 2.41288 0.00808334
24 99 2.46399 0.00956154
27 99 2.52466 0.0112419
30 99 2.59636 0.0133247
33 99 2.68401 0.0174675
36 99 2.82117 0.0462365
39 99 3.48931 1.08044
42 99 0 0
45 99 0 0
48 99 0 0
51 99 0 0
54 99 0 0
57 99 0 0
60 99 0 0
63 99 0 0
66 99 0 0
69 99 0 0
72 99 0 0
75 99 0 0
78 99 0 0
81 99 0 0
84 99 0 0
87 99 0 0
90 99 0 0
93 99 0 0
96 99 0 0
99 99 0 0
102 99 0 0
105 99 0 0
108 99 0 0
111 99 0 0
114 99 0 0
117 99 0 0
120 99 0 0
123 99 0 0
126 99 0 0
129 99 0 0
132 99 0 0
135 99 0 0
138 99 0 0
141 99 0 0
144 99 0 0
147 99 0 0
150 99 0 0
153 99 0 0
156 99 0 0
159 99 2.8053 -0.00126421
162 99 2.77672 -0.00774717
165 99 2.71918 -0.0109692
168 99 2.65184 -0.0115633
171 99 2.58611 -0.0108433
174 99 2.52674 -0.00965881
177 99 2.47516 -0.00834084
180 99 2.43153 -0.00700569
183 99 2.39543 -0.00575638
186 99 2.3665 -0.00457382
189 99 2.3443 -0.00341415
192 99 2.3284 -0.00229263
195 99 2.31858 -0.00123978
198 99 2.31471 -0.000171661
0 102 2.25615 -0.000759125
3 102 2.25986 -0.00535202
6 102 2.26917 -0.010067
9 102 2.28424 -0.0149727
12 102 2.30544 -0.0201721
15 102 2.33308 -0.0257549
18 102 2.36774 -0.0318737
21 102 2.41004 -0.0386009
24 102 2.46082 -0.0460835
27 102 2.521 -0.0544968
30 102 2.59155 -0.0645123
33 102 2.67296 -0.0801859
36 102 2.7548 -0.126995
39 102 2.64185 -0.23442
42 102 0 0
45 102 0 0
48 102 0 0
51 102 0 0
54 102 0 0
57 102 0 0
60 102 0 0
63 102 0 0
66 102 0 0
69 102 0 0
72 102 0 0
75 102 0 0
78 102 0 0
81 102 0 0
84 102 0 0
87 102 0 0
90 102 0 0
93 102 0 0
96 102 0 0
99 102 0 0
102 102 0 0
105 102 0 0
108 102 0 0
111 102 0 0
114 102 0 0
117 102 0 0
120 102 0 0
123 102 0 0
126 102 0 0
129 102 0 0
132 102 0 0
135 102 0 0
138 102 0 0
141 102 0 0
144 102 0 0
147 102 0 0
150 102 0 0
153 102 0 0
156 102 0 0
159 102 2.82073 0.00665188
162 102 2.78633 0.0398908
165 102 2.72199 0.0548544
168 102 2.651 0.0565329
171 102 2.58384 0.0522614
174 102 2.52408 0.0459633
177 102 2.4725 0.0392418
180 102 2.42899 0.032753
183 102 2.39311 0.0266514
186 102 2.36433 0.0209618
189 102 2.34225 0.015564
192 102 2.32649 0.0104942
195 102 2.3167 0.00558853
198 102 2.31285 0.000812531
0 105 2.24882 -0.00164413
3 105 2.25249 -0.0117989
6 105 2.26152 -0.0221405
9 105 2.2762 -0.0328941
12 105 2.29684 -0.0442886
15 105 2.32378 -0.0565147
18 105 2.35755 -0.0698643
21 105 2.3988 -0.0845509
24 105 2.44829 -0.100836
27 105 2.50697 -0.118925
30 105 2.5754 -0.138738
33 105 2.65224 -0.158702
36 105 2.72577 -0.165966
39 105 2.75858 -0.0938259
42 105 0 0
45 105 0 0
48 105 0 0
51 105 0 0
54 105 0 0
57 105 0 0
60 105 0 0
63 105 0 0
66 105 0 0
69 105 0 0
72 105 0 0
75 105 0 0
78 105 0 0
81 105 0 0
84 105 0 0
87 105 0 0
90 105 0 0
93 105 0 0
96 105 0 0
99 105 0 0
102 105 0 0
105 105 0 0
108 105 0 0
111 105 0 0
114 105 0 0
117 105 0 0
120 105 0 0
123 105 0 0
126 105 0 0
129 105 0 0
132 105 0 0
135 105 0 0
138 105 0 0
141 105 0 0
144 105 0 0
147 105 0 0
150 105 0 0
153 105 0 0
156 105 0 0
159 105 2.89698 0.0205879
162 105 2.82456 0.10934
165 105 2.72928 0.133815
168 105 2.64539 0.129999
171 105 2.57389 0.117092
174 105 2.5131 0.101854
177 105 2.46176 0.0866108
180 105 2.41887 0.072134
183 105 2.38364 0.0586662
186 105 2.3555 0.0461006
189 105 2.3339 0.0343132
192 105 2.31845 0.0230904
195 105 2.30899 0.0123253
198 105 2.30516 0.0017662
0 108 2.23611 -0.00257874
3 108 2.23958 -0.0179977
6 108 2.24823 -0.0337906
9 108 2.26225 -0.0501709
12 108 2.28198 -0.0675583
15 108 2.30767 -0.0861893
18 108 2.3399 -0.106518
21 108 2.37925 -0.12888
24 108 2.42658 -0.153767
27 108 2.48294 -0.18145
30 108 2.54976 -0.211854
33 108 2.63011 -0.243143
36 108 2.73699 -0.265811
39 108 2.9445 -0.200686
42 108 0 0
45 108 0 0
48 108 0 0
51 108 0 0
54 108 0 0
57 108 0 0
60 108 0 0
63 108 0 0
66 108 0 0
69 108 0 0
72 108 0 0
75 108 0 0
78 108 0 0
81 108 0 0
84 108 0 0
87 108 0 0
90 108 0 0
93 108 0 0
96 108 0 0
99 108 0 0
102 108 0 0
105 108 0 0
108 108 0 0
111 108 0 0
114 108 0 0
117 108 0 0
120 108 0 0
123 108 0 0
126 108 0 0
129 108 0 0
132 108 0 0
135 108 0 0
138 108 0 0
141 108 0 0
144 108 0 0
147 108 0 0
150 108 0 0
153 108 0 0
156 108 0 0
159 108 3.15134 0.0802608
162 108 2.86579 0.250021
165 108 2.72239 0.236855
168 108 2.62732 0.210906
171 108 2.55328 0.183746
174 108 2.49272 0.157537
177 108 2.44254 0.133087
180 108 2.40106 0.110523
183 108 2.36712 0.089716
186 108 2.34009 0.0704536
189 108 2.31939 0.0524025
192 108 2.30462 0.035305
195 108 2.29549 0.0188408
198 108 2.29186 0.0026741
0 111 2.21824 -0.00339127
3 111 2.22143 -0.0238228
6 111 2.22955 -0.0447769
9 111 2.24267 -0.0664864
12 111 2.26108 -0.0894928
15 111 2.28509 -0.114166
18 111 2.31511 -0.141083
21 111 2.3518 -0.170773
24 111 2.39592 -0.203861
27 111 2.44858 -0.241083
30 111 2.51148 -0.283305
33 111 2.58757 -0.332224
36 111 2.67978 -0.397588
39 111 2.71855 -0.552015
42 111 0 0
45 111 0 0
48 111 0 0
51 111 0 0
54 111 0 0
57 111 0 0
60 111 0 0
63 111 0 0
66 111 0 0
69 111 0 0
72 111 0 0
75 111 0 0
78 111 0 0
81 111 0 0
84 111 0 0
87 111 0 0
90 111 0 0
93 111 0 0
96 111 0 0
99 111 0 0
102 111 0 0
105 111 0 0
108 111 0 0
111 111 0 0
114 111 0 0
117 111 0 0
120 111 0 0
123 111 0 0
126 111 0 0
129 111 0 0
132 111 0 0
135 111 0 0
138 111 0 0
141 111 0 0
144 111 0 0
147 111 0 0
150 111 0 0
153 111 0 0
156 111 0 0
159 111 2.64077 0.631406
162 111 2.78032 0.430509
165 111 2.67771 0.345337
168 111 2.59011 0.292498
171 111 2.5197 0.249277
174 111 2.4622 0.211441
177 111 2.41472 0.177641
180 111 2.37565 0.147131
183 111 2.34378 0.119263
186 111 2.3184 0.093605
189 111 2.29896 0.069603
192 111 2.28511 0.0468788
195 111 2.27655 0.0250206
198 111 2.27312 0.00354767
0 114 2.19552 -0.00416946
3 114 2.19846 -0.0293045
6 114 2.20587 -0.0549545
9 114 2.21782 -0.0816154
12 114 2.23462 -0.109787
15 114 2.25643 -0.139984
18 114 2.28374 -0.172918
21 114 2.31697 -0.209255
24 114 2.3568 -0.249838
27 114 2.40417 -0.295799
30 114 2.46033 -0.348625
33 114 2.52705 -0.410306
36 114 2.60677 -0.481193
39 114 2.73331 -0.522667
42 114 0 0
45 114 0 0
48 114 0 0
51 114 0 0
54 114 0 0
57 114 0 0
60 114 0 0
63 114 0 0
66 114 0 0
69 114 0 0
72 114 0 0
75 114 0 0
78 114 0 0
81 114 0 0
84 114 0 0
87 114 0 0
90 114 0 0
93 114 0 0
96 114 0 0
99 114 0 0
102 114 0 0
105 114 0 0
108 114 0 0
111 114 0 0
114 114 0 0
117 114 0 0
120 114 0 0
123 114 0 0
126 114 0 0
129 114 0 0
132 114 0 0
135 114 0 0
138 114 0 0
141 114 0 0
144 114 0 0
147 114 0 0
150 114 0 0
153 114 0 0
156 114 0 0
159 114 2.91503 0.479496
162 114 2.70078 0.508528
165 114 2.61035 0.43324
168 114 2.53576 0.366016
171 114 2.47349 0.30969
174 114 2.42171 0.261377
177 114 2.37865 0.218941
180 114 2.34303 0.181044
183 114 2.31396 0.146645
186 114 2.29078 0.115036
189 114 2.27299 0.0855904
192 114 2.26026 0.0576553
195 114 2.25245 0.0307236
198 114 2.24927 0.0043602
0 117 2.16836 -0.00486755
3 117 2.17094 -0.0342026
6 117 2.17755 -0.0641251
9 117 2.18821 -0.0952225
12 117 2.20309 -0.128017
15 117 2.2224 -0.163147
18 117 2.24644 -0.201359
21 117 2.27555 -0.243469
24 117 2.31022 -0.290537
27 117 2.351 -0.343792
30 117 2.39869 -0.405109
33 117 2.45414 -0.47703
36 117 2.51869 -0.564406
39 117 2.5894 -0.676373
42 117 2.71774 -0.301658
45 117 0 0
48 117 0 0
51 117 0 0
54 117 0 0
57 117 0 0
60 117 0 0
63 117 0 0
66 117 0 0
69 117 0 0
72 117 0 0
75 117 0 0
78 117 0 0
81 117 0 0
84 117 0 0
87 117 0 0
90 117 0 0
93 117 0 0
96 117 0 0
99 117 0 0
102 117 0 0
105 117 0 0
108 117 0 0
111 117 0 0
114 117 0 0
117 117 0 0
120 117 0 0
123 117 0 0
126 117 0 0
129 117 0 0
132 117 0 0
135 117 0 0
138 117 0 0
141 117 0 0
144 117 0 0
147 117 0 0
150 117 0 0
153 117 0 0
156 117 0 0
159 117 2.66588 0.717175
162 117 2.59973 0.606381
165 117 2.52962 0.507491
168 117 2.46895 0.428479
171 117 2.41689 0.362333
174 117 2.37257 0.305534
177 117 2.33517 0.255787
180 117 2.30395 0.211428
183 117 2.27831 0.171295
186 117 2.25777 0.13438
189 117 2.24192 0.100002
192 117 2.23061 0.0673447
195 117 2.22361 0.0359077
198 117 2.22079 0.00513458
0 120 2.13728 -0.00547028
3 120 2.13952 -0.0385437
6 120 2.14518 -0.0722313
9 120 2.15437 -0.107147
12 120 2.16712 -0.143936
15 120 2.18366 -0.183266
18 120 2.20407 -0.225924
21 120 2.22859 -0.2728
24 120 2.25751 -0.32502
27 120 2.29101 -0.383907
30 120 2.32932 -0.451206
33 120 2.37225 -0.52935
36 120 2.41867 -0.621549
39 120 2.46394 -0.728752
42 120 2.51759 -0.704177
45 120 0 0
48 120 0 0
51 120 0 0
54 120 0 0
57 120 0 0
60 120 0 0
63 120 0 0
66 120 0 0
69 120 0 0
72 120 0 0
75 120 0 0
78 120 0 0
81 120 0 0
84 120 0 0
87 120 0 0
90 120 0 0
93 120 0 0
96 120 0 0
99 120 0 0
102 120 0 0
105 120 0 0
108 120 0 0
111 120 0 0
114 120 0 0
117 120 0 0
120 120 0 0
123 120 0 0
126 120 0 0
129 120 0 0
132 120 0 0
135 120 0 0
138 120 0 0
141 120 0 0
144 120 0 0
147 120 0 0
150 120 0 0
153 120 0 0
156 120 2.70186 0.323977
159 120 2.53052 0.775051
162 120 2.48709 0.66494
165 120 2.43921 0.563628
168 120 2.39358 0.478415
171 120 2.35249 0.405775
174 120 2.31651 0.342775
177 120 2.28552 0.287312
180 120 2.25928 0.237705
183 120 2.23752 0.192711
186 120 2.21999 0.151299
189 120 2.20639 0.112583
192 120 2.19664 0.0758553
195 120 2.19057 0.0404778
198 120 2.18813 0.00576019
0 123 2.10278 -0.00601196
3 123 2.10467 -0.0421753
6 123 2.10936 -0.0790749
9 123 2.11697 -0.117264
12 123 2.12748 -0.15731
15 123 2.141 -0.200085
18 123 2.15761 -0.246305
21 123 2.17731 -0.296865
24 123 2.20018 -0.352886
27 123 2.22621 -0.415648
30 123 2.25517 -0.486666
33 123 2.28647 -0.567717
36 123 2.31873 -0.660565
39 123 2.34842 -0.76683
42 123 2.35423 -0.900787
45 123 0.716118 -0.716118
48 123 0 0
51 123 0 0
54 123 0 0
57 123 0 0
60 123 0 0
63 123 0 0
66 123 0 0
69 123 0 0
72 123 0 0
75 123 0 0
78 123 0 0
81 123 0 0
84 123 0 0
87 123 0 0
90 123 0 0
93 123 0 0
96 123 0 0
99 123 0 0
102 123 0 0
105 123 0 0
108 123 0 0
111 123 0 0
114 123 0 0
117 123 0 0
120 123 0 0
123 123 0 0
126 123 0 0
129 123 0 0
132 123 0 0
135 123 0 0
138 123 0 0
141 123 0 0
144 123 0 0
147 123 0 0
150 123 0 0
153 123 0 0
156 123 2.3796 0.99978
159 123 2.40468 0.819545
162 123 2.37818 0.703887
165 123 2.34587 0.603508
168 123 2.31346 0.516002
171 123 2.28296 0.439671
174 123 2.25539 0.372604
177 123 2.23111 0.312988
180 123 2.21015 0.259403
183 123 2.19256 0.21056
186 123 2.17821 0.165482
189 123 2.16702 0.12326
192 123 2.15896 0.0831108
195 123 2.15393 0.0443573
198 123 2.15186 0.00629044
0 126 2.06543 -0.00644302
3 126 2.06691 -0.0451546
6 126 2.07062 -0.0846176
9 126 2.07661 -0.125359
12 126 2.08481 -0.168095
15 126 2.09528 -0.213478
18 126 2.10797 -0.262337
21 126 2.12284 -0.315527
24 126 2.13971 -0.374121
27 126 2.15842 -0.43918
30 126 2.17856 -0.512096
33 126 2.19952 -0.594189
36 126 2.22049 -0.68653
39 126 2.24131 -0.788314
42 126 2.27335 -0.890234
45 126 2.55646 -1.34623
48 126 0 0
51 126 0 0
54 126 0 0
57 126 0 0
60 126 0 0
63 126 0 0
66 126 0 0
69 126 0 0
72 126 0 0
75 126 0 0
78 126 0 0
81 126 0 0
84 126 0 0
87 126 0 0
90 126 0 0
93 126 0 0
96 126 0 0
99 126 0 0
102 126 0 0
105 126 0 0
108 126 0 0
111 126 0 0
114 126 0 0
117 126 0 0
120 126 0 0
123 126 0 0
126 126 0 0
129 126 0 0
132 126 0 0
135 126 0 0
138 126 0 0
141 126 0 0
144 126 0 0
147 126 0 0
150 126 0 0
153 126 0.828324 0.828324
156 126 2.34775 0.943221
159 126 2.2942 0.83594
162 126 2.27302 0.729128
165 126 2.25231 0.630387
168 126 2.23114 0.5424
171 126 2.21044 0.464399
174 126 2.19095 0.394962
177 126 2.17325 0.332741
180 126 2.15767 0.276367
183 126 2.14429 0.224739
186 126 2.13323 0.176861
189 126 2.12453 0.131859
192 126 2.11821 0.0889816
195 126 2.11422 0.0475044
198 126 2.11261 0.00674438
0 129 2.02584 -0.00673676
3 129 2.02688 -0.0474739
6 129 2.02961 -0.0888672
9 129 2.034 -0.131546
12 129 2.03985 -0.176182
15 129 2.04733 -0.223438
18 129 2.05617 -0.274057
21 129 2.06629 -0.328894
24 129 2.07739 -0.388855
27 129 2.08919 -0.454935
30 129 2.10113 -0.52833
33 129 2.1126 -0.610246
36 129 2.12302 -0.702061
39 129 2.13244 -0.806059
42 129 2.14234 -0.932333
45 129 2.12387 -1.14273
48 129 0.657075 -0.657075
51 129 0 0
54 129 0 0
57 129 0 0
60 129 0 0
63 129 0 0
66 129 0 0
69 129 0 0
72 129 0 0
75 129 0 0
78 129 0 0
81 129 0 0
84 129 0 0
87 129 0 0
90 129 0 0
93 129 0 0
96 129 0 0
99 129 0 0
102 129 0 0
105 129 0 0
108 129 0 0
111 129 0 0
114 129 0 0
117 129 0 0
120 129 0 0
123 129 0 0
126 129 0 0
129 129 0 0
132 129 0 0
135 129 0 0
138 129 0 0
141 129 0 0
144 129 0 0
147 129 0 0
150 129 0 0
153 129 2.08988 1.28661
156 129 2.18537 1.00219
159 129 2.17757 0.856845
162 129 2.16886 0.744431
165 129 2.15932 0.646223
168 129 2.14836 0.558771
171 129 2.13656 0.480539
174 129 2.1247 0.410248
177 129 2.11332 0.346655
180 129 2.10288 0.28862
183 129 2.09367 0.235157
186 129 2.0859 0.185322
189 129 2.07963 0.138325
192 129 2.07506 0.0934525
195 129 2.07214 0.0499039
198 129 2.07096 0.00712204
0 132 1.98453 -0.00698471
3 132 1.98521 -0.0490532
6 132 1.98698 -0.0918083
9 132 1.98972 -0.135853
12 132 1.99344 -0.181679
15 132 1.99797 -0.230042
18 132 2.00315 -0.281595
21 132 2.00873 -0.337112
24 132 2.01444 -0.397432
27 132 2.01976 -0.463425
30 132 2.02414 -0.536085
33 132 2.02682 -0.616513
36 132 2.02685 -0.706027
39 132 2.02265 -0.806419
42 132 2.00971 -0.919255
45 132 1.97601 -1.03058
48 132 1.96011 -0.981766
51 132 0 0
54 132 0 0
57 132 0 0
60 132 0 0
63 132 0 0
66 132 0 0
69 132 0 0
72 132 0 0
75 132 0 0
78 132 0 0
81 132 0 0
84 132 0 0
87 132 0 0
90 132 0 0
93 132 0 0
96 132 0 0
99 132 0 0
102 132 0 0
105 132 0 0
108 132 0 0
111 132 0 0
114 132 0 0
117 132 0 0
120 132 0 0
123 132 0 0
126 132 0 0
129 132 0 0
132 132 0 0
135 132 0 0
138 132 0 0
141 132 0 0
144 132 0 0
147 132 0 0
150 132 1.89345 0.465142
153 132 1.99708 1.07082
156 132 2.03877 0.97294
159 132 2.05859 0.854066
162 132 2.06595 0.746852
165 132 2.06784 0.651482
168 132 2.06639 0.565943
171 132 2.06278 0.488789
174 132 2.05789 0.418839
177 132 2.05241 0.355019
180 132 2.04685 0.296347
183 132 2.04161 0.241974
186 132 2.03696 0.191067
189 132 2.03313 0.142769
192 132 2.03024 0.0965042
195 132 2.02833 0.0515823
198 132 2.02755 0.00734329
0 135 1.94217 -0.0071373
3 135 1.94247 -0.0500183
6 135 1.94329 -0.0935364
9 135 1.94453 -0.138222
12 135 1.94614 -0.184685
15 135 1.9479 -0.233475
18 135 1.94965 -0.285217
21 135 1.95107 -0.340643
24 135 1.95179 -0.400375
27 135 1.95127 -0.46526
30 135 1.94886 -0.536097
33 135 1.94367 -0.613768
36 135 1.93461 -0.699243
39 135 1.92012 -0.793403
42 135 1.89835 -0.89619
45 135 1.87062 -1.00604
48 135 1.84018 -1.1244
51 135 1.73272 -0.456881
54 135 0 0
57 135 0 0
60 135 0 0
63 135 0 0
66 135 0 0
69 135 0 0
72 135 0 0
75 135 0 0
78 135 0 0
81 135 0 0
84 135 0 0
87 135 0 0
90 135 0 0
93 135 0 0
96 135 0 0
99 135 0 0
102 135 0 0
105 135 0 0
108 135 0 0
111 135 0 0
114 135 0 0
117 135 0 0
120 135 0 0
123 135 0 0
126 135 0 0
129 135 0 0
132 135 0 0
135 135 0 0
138 135 0 0
141 135 0 0
144 135 0 0
147 135 0 0
150 135 1.84183 1.15577
153 135 1.8944 1.06006
156 135 1.92409 0.944793
159 135 1.95 0.837029
162 135 1.96797 0.737542
165 135 1.97954 0.647028
168 135 1.98655 0.564814
171 135 1.99025 0.489868
174 135 1.99163 0.421293
177 135 1.99151 0.358225
180 135 1.99044 0.29985
183 135 1.9889 0.245377
186 135 1.98722 0.194023
189 135 1.9856 0.145187
192 135 1.98431 0.0982552
195 135 1.98343 0.0525322
198 135 1.98298 0.00748825
0 138 1.89924 -0.00715637
3 138 1.8992 -0.0503502
6 138 1.89914 -0.0940819
9 138 1.89897 -0.138943
12 138 1.89863 -0.185425
15 138 1.89788 -0.233963
18 138 1.89646 -0.285227
21 138 1.89412 -0.339773
24 138 1.89037 -0.398201
27 138 1.88467 -0.46117
30 138 1.87627 -0.529289
33 138 1.86435 -0.603247
36 138 1.84775 -0.683741
39 138 1.82511 -0.771341
42 138 1.79514 -0.866759
45 138 1.75722 -0.971859
48 138 1.7111 -1.09524
51 138 1.63325 -1.27844
54 138 0.68875 -0.68875
57 138 0 0
60 138 0 0
63 138 0 0
66 138 0 0
69 138 0 0
72 138 0 0
75 138 0 0
78 138 0 0
81 138 0 0
84 138 0 0
87 138 0 0
90 138 0 0
93 138 0 0
96 138 0 0
99 138 0 0
102 138 0 0
105 138 0 0
108 138 0 0
111 138 0 0
114 138 0 0
117 138 0 0
120 138 0 0
123 138 0 0
126 138 0 0
129 138 0 0
132 138 0 0
135 138 0 0
138 138 0 0
141 138 0 0
144 138 0 0
147 138 1.57176 1.35824
150 138 1.72112 1.16174
153 138 1.77306 1.0235
156 138 1.81568 0.911703
159 138 1.84997 0.811282
162 138 1.87627 0.719089
165 138 1.89576 0.634312
168 138 1.90991 0.556389
171 138 1.91993 0.484598
174 138 1.92687 0.418322
177 138 1.93149 0.356821
180 138 1.93448 0.299471
183 138 1.93626 0.245575
186 138 1.93726 0.194565
189 138 1.93774 0.145809
192 138 1.93789 0.0987206
195 138 1.93803 0.0528412
198 138 1.93792 0.00754166
0 141 1.85628 -0.00714111
3 141 1.85594 -0.0501175
6 141 1.85505 -0.093586
9 141 1.85363 -0.138042
12 141 1.8515 -0.183949
15 141 1.84841 -0.231781
18 141 1.84424 -0.282005
21 141 1.83854 -0.335093
24 141 1.83086 -0.39156
27 141 1.82066 -0.451925
30 141 1.80725 -0.516642
33 141 1.78969 -0.58622
36 141 1.7669 -0.661065
39 141 1.73758 -0.741639
42 141 1.70002 -0.828447
45 141 1.65169 -0.92253
48 141 1.58657 -1.02549
51 141 1.48804 -1.13127
54 141 1.35035 -1.20208
57 141 0.610501 -0.610501
60 141 0 0
63 141 0 0
66 141 0 0
69 141 0 0
72 141 0 0
75 141 0 0
78 141 0 0
81 141 0 0
84 141 0 0
87 141 0 0
90 141 0 0
93 141 0 0
96 141 0 0
99 141 0 0
102 141 0 0
105 141 0 0
108 141 0 0
111 141 0 0
114 141 0 0
117 141 0 0
120 141 0 0
123 141 0 0
126 141 0 0
129 141 0 0
132 141 0 0
135 141 0 0
138 141 0 0
141 141 0 0
144 141 1.32245 1.22874
147 141 1.46658 1.17597
150 141 1.58418 1.07475
153 141 1.66053 0.967232
156 141 1.71558 0.868488
159 141 1.7581 0.777605
162 141 1.79138 0.693239
165 141 1.81729 0.614809
168 141 1.83732 0.541811
171 141 1.85269 0.473913
174 141 1.86432 0.410566
177 141 1.87313 0.351326
180 141 1.87962 0.295601
183 141 1.88441 0.242962
186 141 1.88777 0.19281
189 141 1.89019 0.144718
192 141 1.89173 0.0980797
195 141 1.89255 0.0525093
198 141 1.89287 0.00748825
0 144 1.81372 -0.00702667
3 144 1.81306 -0.0493355
6 144 1.81149 -0.0920601
9 144 1.80891 -0.135735
12 144 1.80521 -0.180618
15 144 1.80016 -0.227196
18 144 1.79351 -0.275867
21 144 1.7849 -0.327011
24 144 1.77388 -0.381039
27 144 1.75992 -0.438295
30 144 1.7423 -0.499147
33 144 1.72021 -0.563889
36 144 1.6926 -0.632729
39 144 1.65818 -0.705781
42 144 1.61529 -0.783016
45 144 1.56146 -0.86399
48 144 1.49296 -0.946642
51 144 1.40595 -1.02412
54 144 1.30497 -1.08408
57 144 1.20794 -1.12035
60 144 0.566991 -0.566991
63 144 0 0
66 144 0 0
69 144 0 0
72 144 0 0
75 144 0 0
78 144 0 0
81 144 0 0
84 144 0 0
87 144 0 0
90 144 0 0
93 144 0 0
96 144 0 0
99 144 0 0
102 144 0 0
105 144 0 0
108 144 0 0
111 144 0 0
114 144 0 0
117 144 0 0
120 144 0 0
123 144 0 0
126 144 0 0
129 144 0 0
132 144 0 0
135 144 0 0
138 144 0 0
141 144 1.19442 1.14013
144 144 1.28894 1.11115
147 144 1.39417 1.05846
150 144 1.49009 0.984367
153 144 1.56702 0.900966
156 144 1.62735 0.817595
159 144 1.6753 0.737524
162 144 1.71376 0.661554
165 144 1.74464 0.589798
168 144 1.76933 0.522223
171 144 1.78902 0.458643
174 144 1.80464 0.398766
177 144 1.81692 0.342247
180 144 1.82646 0.288719
183 144 1.83382 0.237801
186 144 1.83935 0.18906
189 144 1.8434 0.142094
192 144 1.84613 0.0963974
195 144 1.84771 0.0516281
198 144 1.84831 0.00735474
0 147 1.77204 -0.00684738
3 147 1.77112 -0.0480995
6 147 1.76892 -0.0896873
9 147 1.76533 -0.13213
12 147 1.76027 -0.175632
15 147 1.75348 -0.220585
18 147 1.74473 -0.267284
21 147 1.73364 -0.316099
24 147 1.71983 -0.367287
27 147 1.70279 -0.421112
30 147 1.68186 -0.477827
33 147 1.65623 -0.537476
36 147 1.62507 -0.600174
39 147 1.58719 -0.665719
42 147 1.54129 -0.733696
45 147 1.48573 -0.803082
48 147 1.41896 -0.871698
51 147 1.34082 -0.935805
54 147 1.25523 -0.991533
57 147 1.17149 -1.03978
60 147 1.10647 -1.09245
63 147 0.578699 -0.578699
66 147 0 0
69 147 0 0
72 147 0 0
75 147 0 0
78 147 0 0
81 147 0 0
84 147 0 0
87 147 0 0
90 147 0 0
93 147 0 0
96 147 0 0
99 147 0 0
102 147 0 0
105 147 0 0
108 147 0 0
111 147 0 0
114 147 0 0
117 147 0 0
120 147 0 0
123 147 0 0
126 147 0 0
129 147 0 0
132 147 0 0
135 147 0 0
138 147 1.10874 1.12616
141 147 1.16086 1.06579
144 147 1.24394 1.01796
147 147 1.33305 0.964734
150 147 1.41703 0.902337
153 147 1.49007 0.833744
156 147 1.55122 0.763168
159 147 1.60186 0.693329
162 147 1.64365 0.62565
165 147 1.67805 0.560659
168 147 1.70633 0.498678
171 147 1.72941 0.439674
174 147 1.74822 0.383587
177 147 1.7634 0.33021
180 147 1.77549 0.279301
183 147 1.78505 0.230503
186 147 1.79239 0.183552
189 147 1.79782 0.138115
192 147 1.80156 0.0938416
195 147 1.8038 0.0502777
198 147 1.80466 0.0071907
0 150 1.73156 -0.00662994
3 150 1.7304 -0.0464516
6 150 1.7277 -0.0866165
9 150 1.72328 -0.127464
12 150 1.71704 -0.169193
15 150 1.70872 -0.212177
18 150 1.6982 -0.25663
21 150 1.68509 -0.302813
24 150 1.66904 -0.350904
27 150 1.64954 -0.401119
30 150 1.62602 -0.453485
33 150 1.59784 -0.508076
36 150 1.56419 -0.564724
39 150 1.52421 -0.62319
42 150 1.47695 -0.682818
45 150 1.4214 -0.742659
48 150 1.35697 -0.801177
51 150 1.28401 -0.85654
54 150 1.20431 -0.907969
57 150 1.12024 -0.958146
60 150 1.02872 -1.01691
63 150 0.887733 -1.08064
66 150 0.871161 -1.20474
69 150 0 0
72 150 0 0
75 150 0 0
78 150 0 0
81 150 0 0
84 150 0 0
87 150 0 0
90 150 0 0
93 150 0 0
96 150 0 0
99 150 0 0
102 150 0 0
105 150 0 0
108 150 0 0
111 150 0 0
114 150 0 0
117 150 0 0
120 150 0 0
123 150 0 0
126 150 0 0
129 150 0 0
132 150 0.27413 1.04324
135 150 0.824949 1.07782
138 150 1.00342 1.04839
141 150 1.10551 0.983685
144 150 1.19383 0.932046
147 150 1.27781 0.881276
150 150 1.35572 0.826666
153 150 1.42526 0.768271
156 150 1.48563 0.707808
159 150 1.53718 0.646971
162 150 1.58083 0.586967
165 150 1.61759 0.528574
168 150 1.64839 0.472105
171 150 1.67406 0.417826
174 150 1.6953 0.365713
177 150 1.71279 0.315722
180 150 1.72699 0.267677
183 150 1.73836 0.221333
186 150 1.74728 0.176605
189 150 1.75388 0.133053
192 150 1.75853 0.0904655
195 150 1.76134 0.048542
198 150 1.76236 0.00691986
0 153 1.69264 -0.00634766
3 153 1.69136 -0.0444984
6 153 1.68813 -0.082859
9 153 1.68296 -0.121876
12 153 1.67573 -0.161629
15 153 1.66622 -0.202339
18 153 1.65427 -0.244286
21 153 1.63951 -0.287605
24 153 1.62165 -0.332439
27 153 1.60026 -0.378874
30 153 1.57483 -0.426949
33 153 1.54486 -0.476526
36 153 1.50965 -0.527481
39 153 1.46858 -0.579399
42 153 1.42093 -0.631685
45 153 1.36612 -0.683544
48 153 1.30382 -0.733889
51 153 1.23411 -0.781752
54 153 1.15731 -0.826749
57 153 1.07292 -0.86952
60 153 0.977056 -0.910308
63 153 0.863019 -0.941784
66 153 0.734219 -0.951012
69 153 0.619528 -0.904595
72 153 0.223324 -0.892586
75 153 0 0
78 153 0 0
81 153 0 0
84 153 0 0
87 153 0 0
90 153 0 0
93 153 0 0
96 153 0 0
99 153 0 0
102 153 0 0
105 153 0 0
108 153 0 0
111 153 0 0
114 153 0 0
117 153 0 0
120 153 0 0
123 153 0 0
126 153 0.334767 0.334767
129 153 0.654941 0.911389
132 153 0.692382 0.9454
135 153 0.830363 0.952321
138 153 0.952767 0.927759
141 153 1.05695 0.888881
144 153 1.14709 0.84666
147 153 1.22868 0.802356
150 153 1.303 0.755076
153 153 1.36981 0.704918
156 153 1.42887 0.652768
159 153 1.48037 0.599728
162 153 1.52488 0.546721
165 153 1.56301 0.494488
168 153 1.59552 0.443422
171 153 1.62304 0.393808
174 153 1.64619 0.345764
177 153 1.66545 0.29928
180 153 1.68128 0.25428
183 153 1.69414 0.210739
186 153 1.70424 0.168385
189 153 1.71187 0.127003
192 153 1.71726 0.0864296
195 153 1.72049 0.0463829
198 153 1.72172 0.00661469
0 156 1.65554 -0.00601578
3 156 1.65404 -0.0422173
6 156 1.65047 -0.0786285
9 156 1.64472 -0.115486
12 156 1.63666 -0.152985
15 156 1.62619 -0.191307
18 156 1.61303 -0.230572
21 156 1.59702 -0.270914
24 156 1.5778 -0.312389
27 156 1.55499 -0.355091
30 156 1.52827 -0.398861
33 156 1.4971 -0.443684
36 156 1.46099 -0.489239
39 156 1.41951 -0.5352
42 156 1.37213 -0.580984
45 156 1.31843 -0.625926
48 156 1.25816 -0.669188
51 156 1.19121 -0.710023
54 156 1.11744 -0.747814
57 156 1.03616 -0.781852
60 156 0.945955 -0.810527
63 156 0.846178 -0.829803
66 156 0.740567 -0.835052
69 156 0.638457 -0.830176
72 156 0.51807 -0.825825
75 156 0.385571 -0.750009
78 156 0.428824 -0.768668
81 156 0.202123 -0.202123
84 156 0 0
87 156 0 0
90 156 0 0
93 156 0 0
96 156 0 0
99 156 0 0
102 156 0 0
105 156 0 0
108 156 0 0
111 156 0 0
114 156 0 0
117 156 0 0
120 156 0.107658 0.729281
123 156 0.389624 0.731414
126 156 0.473921 0.81406
129 156 0.608457 0.830125
132 156 0.712532 0.835031
135 156 0.820712 0.83567
138 156 0.925752 0.821386
141 156 1.02174 0.795686
144 156 1.1082 0.763311
147 156 1.1866 0.726645
150 156 1.25782 0.686543
153 156 1.32216 0.643623
156 156 1.37969 0.598641
159 156 1.43058 0.552435
162 156 1.47522 0.505756
165 156 1.51403 0.459229
168 156 1.54757 0.413273
171 156 1.57634 0.368223
174 156 1.60084 0.324213
177 156 1.62145 0.281366
180 156 1.63857 0.239613
183 156 1.6525 0.198898
186 156 1.66364 0.159115
189 156 1.67208 0.120178
192 156 1.67809 0.0818214
195 156 1.68169 0.0439377
198 156 1.68304 0.00628662
0 159 1.62044 -0.00565338
3 159 1.61886 -0.0396805
6 159 1.61499 -0.0739326
9 159 1.60873 -0.108536
12 159 1.60001 -0.143597
15 159 1.58876 -0.179306
18 159 1.57473 -0.21579
21 159 1.55772 -0.253052
24 159 1.53749 -0.291166
27 159 1.51372 -0.330109
30 159 1.48611 -0.369774
33 159 1.45425 -0.410034
36 159 1.4178 -0.450636
39 159 1.37638 -0.491161
42 159 1.32966 -0.53113
45 159 1.27733 -0.569983
48 159 1.21919 -0.606976
51 159 1.15512 -0.641408
54 159 1.08494 -0.672479
57 159 1.00838 -0.699174
60 159 0.925227 -0.719921
63 159 0.83596 -0.732543
66 159 0.742486 -0.735244
69 159 0.646473 -0.72807
72 159 0.545944 -0.708603
75 159 0.449004 -0.670039
78 159 0.361667 -0.624811
81 159 0.282655 -0.56769
84 159 0.22314 -0.517235
87 159 0.107742 -0.389054
90 159 0.0400948 -0.374703
93 159 0.0192541 -0.215777
96 159 0.01573 -0.112784
99 159 0.0148232 -0.0218032
102 159 0.0152601 0.0678611
105 159 0.0175446 0.165065
108 159 0.0274615 0.29265
111 159 0.122133 0.33993
114 159 0.146212 0.485322
117 159 0.247027 0.537616
120 159 0.330399 0.599332
123 159 0.422081 0.650678
126 159 0.51588 0.694794
129 159 0.619349 0.721868
132 159 0.718786 0.733647
135 159 0.815452 0.735301
138 159 0.908714 0.726581
141 159 0.996305 0.708755
144 159 1.07723 0.684093
147 159 1.15153 0.654414
150 159 1.21951 0.620914
153 159 1.28132 0.584449
156 159 1.3371 0.545773
159 159 1.387 0.505636
162 159 1.43127 0.464653
165 159 1.4703 0.423395
168 159 1.50436 0.382271
171 159 1.53391 0.341591
174 159 1.55928 0.301586
177 159 1.58084 0.26231
180 159 1.59895 0.223824
183 159 1.61377 0.186153
186 159 1.62563 0.149117
189 159 1.63471 0.112713
192 159 1.64117 0.0767822
195 159 1.64512 0.0412598
198 159 1.64656 0.00592041
0 162 1.58763 -0.00527954
3 162 1.58591 -0.0370216
6 162 1.58177 -0.0688477
9 162 1.57513 -0.101036
12 162 1.56595 -0.133575
15 162 1.55405 -0.166611
18 162 1.53937 -0.200142
21 162 1.52165 -0.234303
24 162 1.50069 -0.26911
27 162 1.47631 -0.30438
30 162 1.44818 -0.340126
33 162 1.41602 -0.376097
36 162 1.37961 -0.41206
39 162 1.33862 -0.447649
42 162 1.29282 -0.48243
45 162 1.24208 -0.515871
48 162 1.18619 -0.547329
51 162 1.12512 -0.576129
54 162 1.05884 -0.601448
57 162 0.98735 -0.622302
60 162 0.91087 -0.63747
63 162 0.830064 -0.645557
66 162 0.746059 -0.645318
69 162 0.660054 -0.635813
72 162 0.573377 -0.615626
75 162 0.48928 -0.583886
78 162 0.410076 -0.542336
81 162 0.33633 -0.491778
84 162 0.267497 -0.432385
87 162 0.208179 -0.358647
90 162 0.161012 -0.284774
93 162 0.123223 -0.19554
96 162 0.107023 -0.10605
99 162 0.101911 -0.0206926
102 162 0.104455 0.0640449
105 162 0.116206 0.152101
108 162 0.145213 0.243732
111 162 0.193289 0.322532
114 162 0.245372 0.399355
117 162 0.313904 0.464584
120 162 0.386919 0.519538
123 162 0.465885 0.565702
126 162 0.550056 0.60236
129 162 0.638193 0.627721
132 162 0.726623 0.641692
135 162 0.813488 0.645814
138 162 0.897595 0.64109
141 162 0.977681 0.628629
144 162 1.05286 0.609836
147 162 1.12275 0.58603
150 162 1.18731 0.558303
153 162 1.24649 0.527511
156 162 1.30038 0.494421
159 162 1.34902 0.45966
162 162 1.39261 0.423819
165 162 1.43139 0.387426
168 162 1.46561 0.350822
171 162 1.49555 0.314331
174 162 1.52148 0.278187
177 162 1.54366 0.242432
180 162 1.56243 0.207287
183 162 1.57788 0.172634
186 162 1.59035 0.13847
189 162 1.59993 0.104797
192 162 1.6067 0.0715027
195 162 1.6109 0.0384293
198 162 1.61243 0.00547791
0 165 1.55715 -0.004879
3 165 1.55536 -0.0341377
6 165 1.55101 -0.0635567
9 165 1.54407 -0.0931854
12 165 1.5345 -0.123066
15 165 1.52221 -0.153339
18 165 1.50697 -0.183983
21 165 1.48882 -0.215057
24 165 1.46739 -0.246513
27 165 1.44261 -0.278265
30 165 1.41426 -0.310221
33 165 1.38209 -0.342159
36 165 1.34597 -0.373877
39 165 1.30566 -0.404978
42 165 1.26103 -0.435087
45 165 1.21197 -0.463753
48 165 1.15843 -0.490362
51 165 1.10041 -0.514294
54 165 1.03799 -0.534818
57 165 0.971387 -0.551099
60 165 0.900975 -0.562131
63 165 0.8274 -0.566936
66 165 0.751606 -0.564545
69 165 0.674736 -0.554134
72 165 0.598249 -0.534967
75 165 0.524 -0.506759
78 165 0.453637 -0.469904
81 165 0.388281 -0.424845
84 165 0.329013 -0.371609
87 165 0.278086 -0.31041
90 165 0.236712 -0.243224
93 165 0.206101 -0.170179
96 165 0.188454 -0.0944977
99 165 0.182001 -0.0188399
102 165 0.185374 0.0568003
105 165 0.199269 0.132859
108 165 0.225746 0.207796
111 165 0.264289 0.277866
114 165 0.312532 0.342339
117 165 0.370215 0.399592
120 165 0.4348 0.448648
123 165 0.504962 0.48956
126 165 0.579625 0.521932
129 165 0.657299 0.545238
132 165 0.736053 0.559481
135 165 0.81424 0.565284
138 165 0.890589 0.563456
141 165 0.964031 0.55488
144 165 1.03377 0.54059
147 165 1.09933 0.52159
150 165 1.16042 0.498775
153 165 1.21694 0.472925
156 165 1.26881 0.444736
159 165 1.31604 0.414791
162 165 1.35875 0.383625
165 165 1.39702 0.351675
168 165 1.4311 0.3193
171 165 1.46112 0.286758
174 165 1.48731 0.254316
177 165 1.50991 0.222134
180 165 1.52907 0.190193
183 165 1.545 0.158642
186 165 1.55787 0.127426
189 165 1.56779 0.096489
192 165 1.57484 0.0658417
195 165 1.5792 0.0353813
198 165 1.58079 0.00505066
0 168 1.52916 -0.00445938
3 168 1.52729 -0.0312309
6 168 1.5228 -0.0580215
9 168 1.51568 -0.0850372
12 168 1.50584 -0.112236
15 168 1.49314 -0.13969
18 168 1.47764 -0.167423
21 168 1.4591 -0.19545
24 168 1.43745 -0.223648
27 168 1.4125 -0.251957
30 168 1.38412 -0.280317
33 168 1.35217 -0.30847
36 168 1.31654 -0.336243
39 168 1.27707 -0.36327
42 168 1.2337 -0.389236
45 168 1.18638 -0.413656
48 168 1.13517 -0.436051
51 168 1.08012 -0.455849
54 168 1.0214 -0.472434
57 168 0.95932 -0.485077
60 168 0.894318 -0.493036
63 168 0.827029 -0.495517
66 168 0.758298 -0.491797
69 168 0.689168 -0.481259
72 168 0.620864 -0.463452
75 168 0.554772 -0.438193
78 168 0.492208 -0.405597
81 168 0.434381 -0.365935
84 168 0.382497 -0.319497
87 168 0.337934 -0.266861
90 168 0.301847 -0.208981
93 168 0.275261 -0.146949
96 168 0.258922 -0.082394
99 168 0.252643 -0.016825
102 168 0.256101 0.0489385
105 168 0.269485 0.114227
108 168 0.293175 0.177782
111 168 0.326809 0.237894
114 168 0.369414 0.293282
117 168 0.41996 0.342882
120 168 0.477094 0.385915
123 168 0.539533 0.421971
126 168 0.606083 0.450743
129 168 0.675417 0.472006
132 168 0.746116 0.485794
135 168 0.816859 0.492478
138 168 0.8865 0.492621
141 168 0.954083 0.486909
144 168 1.01888 0.476109
147 168 1.08036 0.460998
150 168 1.13814 0.442314
153 168 1.19201 0.420731
156 168 1.24183 0.396847
159 168 1.28756 0.371187
162 168 1.32922 0.344238
165 168 1.36683 0.316355
168 168 1.40054 0.287903
171 168 1.43048 0.259151
174 168 1.45671 0.230249
177 168 1.47949 0.201416
180 168 1.49887 0.172771
183 168 1.51513 0.144268
186 168 1.52827 0.116005
189 168 1.5384 0.0879326
192 168 1.5457 0.060051
195 168 1.55011 0.0323029
198 168 1.55183 0.00460434
0 171 1.50374 -0.00401306
3 171 1.50179 -0.0281525
6 171 1.49722 -0.0523758
9 171 1.48993 -0.0766716
12 171 1.47987 -0.101128
15 171 1.467 -0.125793
18 171 1.45126 -0.150623
21 171 1.43256 -0.17556
24 171 1.41076 -0.200619
27 171 1.38579 -0.225668
30 171 1.35756 -0.250607
33 171 1.32598 -0.275263
36 171 1.29095 -0.299366
39 171 1.25239 -0.322687
42 171 1.21034 -0.344894
45 171 1.16478 -0.365585
48 171 1.11579 -0.384319
51 171 1.06353 -0.400655
54 171 1.00824 -0.413984
57 171 0.950243 -0.42378
60 171 0.890006 -0.429412
63 171 0.828172 -0.430289
66 171 0.765464 -0.42586
69 171 0.702836 -0.415672
72 171 0.641314 -0.399414
75 171 0.582026 -0.376939
78 171 0.526093 -0.348329
81 171 0.474619 -0.313772
84 171 0.428675 -0.273632
87 171 0.389327 -0.228444
90 171 0.357518 -0.178964
93 171 0.334031 -0.12614
96 171 0.319374 -0.0710866
99 171 0.3137 -0.0148915
102 171 0.317003 0.0415312
105 171 0.329311 0.097312
108 171 0.350583 0.151419
111 171 0.380466 0.202711
114 171 0.418294 0.25015
117 171 0.46319 0.292875
120 171 0.514122 0.330226
123 171 0.57001 0.36176
126 171 0.629745 0.387185
129 171 0.692191 0.406351
132 171 0.75618 0.419308
135 171 0.820606 0.426302
138 171 0.884487 0.427713
141 171 0.946951 0.424078
144 171 1.00732 0.415975
147 171 1.06503 0.404006
150 171 1.11971 0.388793
153 171 1.17107 0.370861
156 171 1.21892 0.35076
159 171 1.26311 0.328918
162 171 1.30365 0.305754
165 171 1.34048 0.281633
168 171 1.37372 0.256861
171 171 1.40337 0.231627
174 171 1.42956 0.206182
177 171 1.45235 0.180649
180 171 1.47188 0.155121
183 171 1.48821 0.129677
186 171 1.50152 0.10442
189 171 1.51189 0.0792084
192 171 1.51927 0.0541153
195 171 1.52379 0.0291214
198 171 1.52549 0.00415421
0 174 1.48094 -0.00358963
3 174 1.47902 -0.0250626
6 174 1.47432 -0.046627
9 174 1.4669 -0.068222
12 174 1.45671 -0.089962
15 174 1.44369 -0.111774
18 174 1.42786 -0.133659
21 174 1.40904 -0.155632
24 174 1.38724 -0.177633
27 174 1.36239 -0.199507
30 174 1.33441 -0.221197
33 174 1.30328 -0.242529
36 174 1.26888 -0.263268
39 174 1.23129 -0.28322
42 174 1.19051 -0.302053
45 174 1.14663 -0.319466
48 174 1.09975 -0.335047
51 174 1.05005 -0.348409
54 174 0.997844 -0.359096
57 174 0.943466 -0.366636
60 174 0.887398 -0.370548
63 174 0.830227 -0.370377
66 174 0.772639 -0.365689
69 174 0.71546 -0.356175
72 174 0.659582 -0.341579
75 174 0.605961 -0.321827
78 174 0.555575 -0.296963
81 174 0.509378 -0.267179
84 174 0.468292 -0.232794
87 174 0.433205 -0.19428
90 174 0.404886 -0.15226
93 174 0.383963 -0.107489
96 174 0.370874 -0.0608223
99 174 0.365846 -0.0131138
102 174 0.368953 0.034807
105 174 0.380177 0.0821204
108 174 0.399373 0.127969
111 174 0.426202 0.171479
114 174 0.460124 0.211837
117 174 0.500412 0.248343
120 174 0.54623 0.280445
123 174 0.596652 0.307745
126 174 0.650707 0.329964
129 174 0.707442 0.347006
132 174 0.765823 0.358877
135 174 0.824935 0.365746
138 174 0.883887 0.367915
141 174 0.941916 0.365755
144 174 0.998392 0.359743
147 174 1.05276 0.350327
150 174 1.10462 0.337994
153 174 1.15362 0.323221
156 174 1.19958 0.306414
159 174 1.2423 0.287966
162 174 1.28172 0.26828
165 174 1.31772 0.247606
168 174 1.35039 0.226213
171 174 1.37967 0.20435
174 174 1.40567 0.182186
177 174 1.4284 0.159843
180 174 1.44794 0.137444
183 174 1.46437 0.115032
186 174 1.47776 0.0926247
189 174 1.48815 0.0703468
192 174 1.49559 0.0480843
195 174 1.50018 0.0258675
198 174 1.5019 0.00367355
0 177 1.46077 -0.00312424
3 177 1.45881 -0.0218925
6 177 1.45406 -0.0407791
9 177 1.44661 -0.0596771
12 177 1.43635 -0.0786285
15 177 1.42326 -0.0976257
18 177 1.40736 -0.116669
21 177 1.38855 -0.135731
24 177 1.36681 -0.154686
27 177 1.34212 -0.173563
30 177 1.31444 -0.19216
33 177 1.28375 -0.210379
36 177 1.25005 -0.228033
39 177 1.2134 -0.244869
42 177 1.17385 -0.260658
45 177 1.13151 -0.275152
48 177 1.08654 -0.288
51 177 1.03916 -0.298847
54 177 0.989666 -0.307339
57 177 0.938452 -0.31311
60 177 0.885965 -0.315771
63 177 0.832756 -0.314955
66 177 0.779471 -0.310365
69 177 0.726834 -0.301736
72 177 0.675642 -0.288896
75 177 0.626723 -0.271807
78 177 0.580921 -0.250509
81 177 0.539067 -0.225164
84 177 0.501963 -0.196063
87 177 0.470352 -0.163593
90 177 0.444884 -0.128267
93 177 0.426089 -0.0906851
96 177 0.41435 -0.0515196
99 177 0.409896 -0.0114739
102 177 0.412822 0.0287527
105 177 0.423093 0.0684568
108 177 0.440548 0.10693
111 177 0.464875 0.143483
114 177 0.495605 0.177461
117 177 0.532134 0.208308
120 177 0.573746 0.235556
123 177 0.619671 0.258865
126 177 0.669044 0.278017
129 177 0.721026 0.292895
132 177 0.774763 0.303509
135 177 0.829412 0.309976
138 177 0.884206 0.31249
141 177 0.938441 0.311383
144 177 0.99154 0.306956
147 177 1.04297 0.299594
150 177 1.09231 0.289717
153 177 1.13919 0.277622
156 177 1.18341 0.263741
159 177 1.22476 0.248354
162 177 1.26305 0.231764
165 177 1.29827 0.214285
168 177 1.33032 0.19611
171 177 1.35923 0.177416
174 177 1.38495 0.158373
177 177 1.40752 0.139107
180 177 1.42701 0.11972
183 177 1.44345 0.100292
186 177 1.45686 0.0808792
189 177 1.4673 0.0614319
192 177 1.47481 0.0420341
195 177 1.4794 0.0226402
198 177 1.48111 0.00323486
0 180 1.44334 -0.00268173
3 180 1.44137 -0.0187531
6 180 1.43661 -0.0349007
9 180 1.42904 -0.0510597
12 180 1.41875 -0.067234
15 180 1.40563 -0.0834541
18 180 1.38972 -0.0996513
21 180 1.37097 -0.115845
24 180 1.34933 -0.131981
27 180 1.32485 -0.147888
30 180 1.29749 -0.163551
33 180 1.26727 -0.178814
36 180 1.23425 -0.193546
39 180 1.19844 -0.207539
42 180 1.16001 -0.22061
45 180 1.11908 -0.232468
48 180 1.07579 -0.242912
51 180 1.03044 -0.251644
54 180 0.983304 -0.25834
57 180 0.93478 -0.26272
60 180 0.885315 -0.264465
63 180 0.835427 -0.263335
66 180 0.78572 -0.259074
69 180 0.736841 -0.251488
72 180 0.6895 -0.240478
75 180 0.644428 -0.225988
78 180 0.602375 -0.208083
81 180 0.564062 -0.186898
84 180 0.53019 -0.162675
87 180 0.5014 -0.135735
90 180 0.47825 -0.106483
93 180 0.461197 -0.0754154
96 180 0.450582 -0.0430539
99 180 0.446612 -0.00996462
102 180 0.449381 0.0232733
105 180 0.458855 0.0560831
108 180 0.474877 0.0878866
111 180 0.497162 0.118126
114 180 0.525312 0.146296
117 180 0.558791 0.171935
120 180 0.596989 0.194676
123 180 0.639231 0.214232
126 180 0.684785 0.230423
129 180 0.732882 0.243127
132 180 0.782779 0.252362
135 180 0.83374 0.258204
138 180 0.885065 0.26078
141 180 0.936124 0.26035
144 180 0.986351 0.257158
147 180 1.03523 0.251476
150 180 1.08238 0.243616
153 180 1.1274 0.233868
156 180 1.17009 0.222561
159 180 1.21016 0.209925
162 180 1.24746 0.196239
165 180 1.2819 0.181692
168 180 1.31337 0.166492
171 180 1.34184 0.150824
174 180 1.36729 0.134769
177 180 1.3897 0.118519
180 180 1.40907 0.102097
183 180 1.42549 0.085598
186 180 1.43891 0.069046
189 180 1.44932 0.0524521
192 180 1.45681 0.0359077
195 180 1.46143 0.0193558
198 180 1.46313 0.0027504
0 183 1.42863 -0.00221252
3 183 1.42661 -0.0156441
6 183 1.4218 -0.0290298
9 183 1.41426 -0.04245
12 183 1.40392 -0.0558777
15 183 1.39082 -0.0693398
18 183 1.3749 -0.0827141
21 183 1.35624 -0.0961418
24 183 1.33474 -0.109364
27 183 1.31044 -0.122503
30 183 1.2834 -0.135334
33 183 1.25362 -0.147829
36 183 1.22121 -0.159843
39 183 1.1862 -0.171194
42 183 1.14875 -0.181744
45 183 1.109 -0.191278
48 183 1.06717 -0.199602
51 183 1.02353 -0.206455
54 183 0.978389 -0.211642
57 183 0.932121 -0.214928
60 183 0.885149 -0.216066
63 183 0.838007 -0.214849
66 183 0.791203 -0.211098
69 183 0.745382 -0.204676
72 183 0.701152 -0.195504
75 183 0.65918 -0.183575
78 183 0.620145 -0.168924
81 183 0.584674 -0.15166
84 183 0.553391 -0.131987
87 183 0.526858 -0.110156
90 183 0.505566 -0.0864997
93 183 0.489914 -0.0613946
96 183 0.480206 -0.0352641
99 183 0.476635 -0.00855316
102 183 0.479277 0.0182781
105 183 0.488104 0.0447669
108 183 0.502975 0.0704579
111 183 0.523628 0.0949059
114 183 0.549706 0.117715
117 183 0.58075 0.138526
120 183 0.616216 0.157046
123 183 0.655508 0.173039
126 183 0.697977 0.18635
129 183 0.742945 0.196896
132 183 0.789747 0.204672
135 183 0.837692 0.209717
138 183 0.886185 0.212149
141 183 0.934628 0.21212
144 183 0.982449 0.209848
147 183 1.02921 0.205542
150 183 1.0745 0.199432
153 183 1.11795 0.191769
156 183 1.15928 0.182737
159 183 1.19824 0.172619
162 183 1.23468 0.161526
165 183 1.2684 0.149776
168 183 1.29936 0.137405
171 183 1.32744 0.12459
174 183 1.35257 0.111473
177 183 1.3748 0.0980644
180 183 1.39408 0.0845757
183 183 1.41038 0.0709381
186 183 1.42375 0.0572205
189 183 1.43415 0.0435333
192 183 1.44168 0.029808
195 183 1.44628 0.0160484
198 183 1.44796 0.00230026
0 186 1.41659 -0.00178146
3 186 1.41457 -0.0124435
6 186 1.40979 -0.0231094
9 186 1.40218 -0.0338249
12 186 1.39186 -0.0444908
15 186 1.37878 -0.0551758
18 186 1.3629 -0.0658798
21 186 1.34426 -0.0764771
24 186 1.32289 -0.086998
27 186 1.29882 -0.0973778
30 186 1.27207 -0.107515
33 186 1.24268 -0.117338
36 186 1.21076 -0.126778
39 186 1.17643 -0.135668
42 186 1.1398 -0.143885
45 186 1.10105 -0.151274
48 186 1.06044 -0.157679
51 186 1.01819 -0.162966
54 186 0.974673 -0.166903
57 186 0.930203 -0.169288
60 186 0.885262 -0.170004
63 186 0.840285 -0.168895
66 186 0.795794 -0.165791
69 186 0.752392 -0.160635
72 186 0.710612 -0.153328
75 186 0.671084 -0.143882
78 186 0.634406 -0.13235
81 186 0.601157 -0.118804
84 186 0.5719 -0.103411
87 186 0.547134 -0.0863729
90 186 0.527291 -0.067935
93 186 0.512739 -0.0483783
96 186 0.503747 -0.028023
99 186 0.500484 -0.00722513
102 186 0.50303 0.0136694
105 186 0.51135 0.0342997
108 186 0.525316 0.0543172
111 186 0.544695 0.0733855
114 186 0.569157 0.0911944
117 186 0.598306 0.107474
120 186 0.631638 0.12199
123 186 0.668626 0.134575
126 186 0.70868 0.145104
129 186 0.751186 0.153503
132 186 0.795528 0.159746
135 186 0.841125 0.163898
138 186 0.887358 0.166002
141 186 0.933684 0.166221
144 186 0.979594 0.164651
147 186 1.02465 0.161453
150 186 1.06842 0.15686
153 186 1.11057 0.151001
156 186 1.15076 0.144077
159 186 1.18884 0.136225
162 186 1.22449 0.127636
165 186 1.25764 0.118443
168 186 1.28811 0.108776
171 186 1.3158 0.0987053
174 186 1.34072 0.0884056
177 186 1.36278 0.077816
180 186 1.38191 0.0671043
183 186 1.39814 0.0563431
186 186 1.41145 0.0455093
189 186 1.42182 0.0346298
192 186 1.42931 0.0236816
195 186 1.4339 0.0127754
198 186 1.43562 0.00182724
0 189 1.40727 -0.00131607
3 189 1.40526 -0.00924683
6 189 1.40044 -0.0172806
9 189 1.39291 -0.0252075
12 189 1.38254 -0.0331612
15 189 1.36942 -0.0411301
18 189 1.35361 -0.0490265
21 189 1.33504 -0.056942
24 189 1.3138 -0.0647507
27 189 1.28988 -0.0724335
30 189 1.26336 -0.080019
33 189 1.2343 -0.087286
36 189 1.20281 -0.094265
39 189 1.16898 -0.1008
42 189 1.13302 -0.106886
45 189 1.09505 -0.112307
48 189 1.05537 -0.117012
51 189 1.01423 -0.120808
54 189 0.971939 -0.123627
57 189 0.928884 -0.125352
60 189 0.885463 -0.125806
63 189 0.84215 -0.124905
66 189 0.799418 -0.122558
69 189 0.757829 -0.118695
72 189 0.717896 -0.113274
75 189 0.680207 -0.106287
78 189 0.645299 -0.0977817
81 189 0.613729 -0.0878162
84 189 0.585988 -0.0765033
87 189 0.562538 -0.0639822
90 189 0.543788 -0.0504451
93 189 0.530059 -0.0361117
96 189 0.521603 -0.0211976
99 189 0.518579 -0.00595356
102 189 0.521052 0.00935894
105 189 0.528995 0.0244844
108 189 0.542283 0.0391603
111 189 0.56071 0.0531566
114 189 0.583972 0.0662417
117 189 0.611693 0.0782199
120 189 0.643428 0.0889215
123 189 0.678689 0.0982289
126 189 0.71692 0.106032
129 189 0.757589 0.112286
132 189 0.800092 0.11699
135 189 0.84389 0.120152
138 189 0.888399 0.121832
141 189 0.933133 0.122096
144 189 0.977582 0.121051
147 189 1.02131 0.118839
150 189 1.06391 0.115549
153 189 1.10504 0.111349
156 189 1.14438 0.106333
159 189 1.18172 0.100628
162 189 1.21679 0.0943489
165 189 1.24942 0.0876255
168 189 1.27955 0.0805206
171 189 1.30696 0.0730782
174 189 1.33165 0.065464
177 189 1.35355 0.0577278
180 189 1.37255 0.0498352
183 189 1.38869 0.0417824
186 189 1.40196 0.0337944
189 189 1.41235 0.0257149
192 189 1.41982 0.0175934
195 189 1.42441 0.00947952
198 189 1.42607 0.00133896
0 192 1.40067 -0.000869751
3 192 1.39864 -0.0060997
6 192 1.39384 -0.0113411
9 192 1.38626 -0.0166206
12 192 1.37592 -0.0217972
15 192 1.36286 -0.0271187
18 192 1.34705 -0.0323677
21 192 1.32853 -0.03759
24 192 1.30736 -0.0427208
27 192 1.28356 -0.0477982
30 192 1.2572 -0.0527077
33 192 1.22837 -0.0575218
36 192 1.1972 -0.0621815
39 192 1.16373 -0.0664539
42 192 1.12823 -0.0704689
45 192 1.09084 -0.0740318
48 192 1.05183 -0.0771751
51 192 1.01145 -0.0796986
54 192 0.970051 -0.0815372
57 192 0.927965 -0.0826607
60 192 0.885634 -0.082963
63 192 0.843476 -0.0823946
66 192 0.801981 -0.0808334
69 192 0.761657 -0.0783072
72 192 0.723028 -0.07477
75 192 0.686615 -0.0702128
78 192 0.652947 -0.0646429
81 192 0.622531 -0.0581331
84 192 0.595843 -0.0507579
87 192 0.573314 -0.0425975
90 192 0.555319 -0.0337744
93 192 0.542166 -0.0244107
96 192 0.534085 -0.0146806
99 192 0.531226 -0.00473054
102 192 0.533651 0.00526717
105 192 0.541331 0.0151408
108 192 0.554158 0.0247362
111 192 0.571921 0.033879
114 192 0.594351 0.042433
117 192 0.621092 0.0502748
120 192 0.651726 0.0572896
123 192 0.685779 0.0633974
126 192 0.722759 0.0685372
129 192 0.762146 0.0726795
132 192 0.803374 0.0758066
135 192 0.845909 0.0779266
138 192 0.88923 0.0790777
141 192 0.932847 0.0793085
144 192 0.976248 0.0787144
147 192 1.01905 0.0773163
150 192 1.06084 0.0752411
153 192 1.10124 0.0725365
156 192 1.13998 0.0692863
159 192 1.17677 0.0656052
162 192 1.21141 0.0615559
165 192 1.24373 0.057169
168 192 1.27355 0.0525436
171 192 1.30076 0.0477657
174 192 1.32527 0.0427742
177 192 1.34707 0.0377274
180 192 1.36599 0.0325508
183 192 1.38209 0.0273438
186 192 1.39532 0.0220566
189 192 1.40567 0.016758
192 192 1.41313 0.0114594
195 192 1.41766 0.00627136
198 192 1.41934 0.00088501
0 195 1.39685 -0.000411987
3 195 1.39476 -0.00292587
6 195 1.38996 -0.00547409
9 195 1.38237 -0.00797653
12 195 1.37203 -0.0106163
15 195 1.35896 -0.0130463
18 195 1.34314 -0.0156288
21 195 1.32467 -0.0181236
24 195 1.30355 -0.0206757
27 195 1.2798 -0.0231667
30 195 1.25354 -0.0257206
33 195 1.22483 -0.0280533
36 195 1.19382 -0.030344
39 195 1.16061 -0.0325279
42 195 1.12535 -0.0345306
45 195 1.08831 -0.0363693
48 195 1.04971 -0.0379047
51 195 1.00978 -0.0391808
54 195 0.968895 -0.0402088
57 195 0.9274 -0.0408049
60 195 0.8857 -0.0410233
63 195 0.844228 -0.0407743
66 195 0.803457 -0.0401459
69 195 0.763886 -0.0389566
72 195 0.726007 -0.0372934
75 195 0.690355 -0.0351315
78 195 0.657411 -0.0324831
81 195 0.627677 -0.0293655
84 195 0.601611 -0.0257993
87 195 0.579624 -0.021857
90 195 0.562076 -0.0175929
93 195 0.549262 -0.0130689
96 195 0.541403 -0.00835079
99 195 0.538642 -0.00353221
102 195 0.541043 0.00131682
105 195 0.548574 0.00611186
108 195 0.561124 0.0107698
111 195 0.57851 0.0152133
114 195 0.600453 0.0193772
117 195 0.626622 0.0231919
120 195 0.656605 0.0266094
123 195 0.689978 0.0295897
126 195 0.726205 0.0320983
129 195 0.764843 0.0341282
132 195 0.805315 0.0356522
135 195 0.847139 0.0366955
138 195 0.889749 0.037282
141 195 0.932713 0.037426
144 195 0.975505 0.0371714
147 195 1.01777 0.0365105
150 195 1.05908 0.0355377
153 195 1.09905 0.0342751
156 195 1.13742 0.0327435
159 195 1.17391 0.0309734
162 195 1.20832 0.029047
165 195 1.24042 0.027029
168 195 1.27005 0.0248489
171 195 1.29718 0.0225372
174 195 1.32159 0.0201874
177 195 1.34332 0.017807
180 195 1.36215 0.0153427
183 195 1.37824 0.0129204
186 195 1.39146 0.010498
189 195 1.40177 0.00799561
192 195 1.4092 0.00543213
195 195 1.41376 0.00296402
198 195 1.41544 0.000389099
0 198 1.39568 2.28882e-05
3 198 1.39362 0.000289917
6 198 1.38877 0.000507355
9 198 1.38119 0.000606537
12 198 1.37083 0.000808716
15 198 1.35775 0.00082016
18 198 1.34191 0.00102997
21 198 1.32342 0.00113678
24 198 1.30231 0.00113678
27 198 1.2786 0.00124931
30 198 1.25234 0.00137329
33 198 1.22368 0.00131416
36 198 1.19269 0.00133514
39 198 1.15955 0.00128174
42 198 1.12438 0.00123405
45 198 1.08743 0.00115013
48 198 1.04893 0.00104904
51 198 1.00915 0.000905991
54 198 0.968419 0.000809669
57 198 0.927106 0.00064373
60 198 0.885612 0.000447273
63 198 0.844363 0.000275612
66 198 0.803826 9.63211e-05
69 198 0.764493 -0.000113487
72 198 0.726862 -0.000312805
75 198 0.691446 -0.000536442
78 198 0.658743 -0.000737667
81 198 0.629234 -0.000981331
84 198 0.603371 -0.00121403
87 198 0.581564 -0.00145817
90 198 0.564162 -0.00168061
93 198 0.551462 -0.00190866
96 198 0.54368 -0.00213152
99 198 0.540957 -0.00234804
102 198 0.543353 -0.00256357
105 198 0.55084 -0.00276756
108 198 0.563311 -0.00296283
111 198 0.580576 -0.00314784
114 198 0.602369 -0.00331712
117 198 0.628355 -0.00347614
120 198 0.658142 -0.00361776
123 198 0.691284 -0.00373793
126 198 0.727299 -0.00383997
129 198 0.765696 -0.00393105
132 198 0.805944 -0.00398636
135 198 0.84753 -0.00402451
138 198 0.889938 -0.00404739
141 198 0.932691 -0.00399303
144 198 0.975326 -0.00401592
147 198 1.01741 -0.00393486
150 198 1.05855 -0.0038414
153 198 1.09841 -0.00375557
156 198 1.13668 -0.003582
159 198 1.17308 -0.00338173
162 198 1.2074 -0.00323677
165 198 1.23945 -0.00304031
168 198 1.26907 -0.00283241
171 198 1.29614 -0.00256538
174 198 1.32054 -0.00229263
177 198 1.34223 -0.00209427
180 198 1.3611 -0.00172424
183 198 1.37715 -0.00150299
186 198 1.39036 -0.00128937
189 198 1.40068 -0.000957489
192 198 1.40808 -0.000606537
195 198 1.41264 -0.000377655
198 198 1.41431 7.62939e-06
