0 0 1.38053 0
3 0 1.37877 2.28882e-05
6 0 1.37438 1.52588e-05
9 0 1.36733 6.10352e-05
12 0 1.35763 5.72205e-05
15 0 1.34533 5.72205e-05
18 0 1.3304 8.39233e-05
21 0 1.31287 8.39233e-05
24 0 1.29281 9.91821e-05
27 0 1.27023 0.00012207
30 0 1.24522 0.000127792
33 0 1.21784 0.000152588
36 0 1.18823 0.000164032
39 0 1.1565 0.000165939
42 0 1.12283 0.000179291
45 0 1.08741 0.000209808
48 0 1.05048 0.000209808
51 0 1.0123 0.000209808
54 0 0.973204 0.000217438
57 0 0.93352 0.000218391
60 0 0.893646 0.000228882
63 0 0.854007 0.00024128
66 0 0.815029 0.000236511
69 0 0.777209 0.000243187
72 0 0.741014 0.000255585
75 0 0.706935 0.000251293
78 0 0.675452 0.000256538
81 0 0.647027 0.000262737
84 0 0.622094 0.000266552
87 0 0.60104 0.000266075
90 0 0.584208 0.000268936
93 0 0.571872 0.000271201
96 0 0.564243 0.000273883
99 0 0.561452 0.000276316
102 0 0.563553 0.000278592
105 0 0.570522 0.000281453
108 0 0.58225 0.000282288
111 0 0.598554 0.00028491
114 0 0.619177 0.000283241
117 0 0.643805 0.000288963
120 0 0.672052 0.000286102
123 0 0.703499 0.000284672
126 0 0.737692 0.000274658
129 0 0.774146 0.000277519
132 0 0.812379 0.000277519
135 0 0.851889 0.000272751
138 0 0.892202 0.000265121
141 0 0.932851 0.000264168
144 0 0.973413 0.000264168
147 0 1.01347 0.000247955
150 0 1.05265 0.00025177
153 0 1.09062 0.000213623
156 0 1.12711 0.000198364
159 0 1.16185 0.000204086
162 0 1.19463 0.000198364
165 0 1.22527 0.000179291
168 0 1.25362 0.000141144
171 0 1.27956 0.000125885
174 0 1.30296 0.000114441
177 0 1.32386 0.000110626
180 0 1.34206 9.15527e-05
183 0 1.35759 6.86646e-05
186 0 1.37041 5.34058e-05
189 0 1.38049 7.24792e-05
192 0 1.38782 4.19617e-05
195 0 1.39241 7.62939e-06
198 0 1.39424 -7.62939e-06
0 3 1.38187 0.000427246
3 3 1.3801 0.00313568
6 3 1.37573 0.00580215
9 3 1.36867 0.008461
12 3 1.35898 0.0110931
15 3 1.34666 0.0137444
18 3 1.33169 0.0163536
21 3 1.31418 0.01894
24 3 1.2941 0.0215034
27 3 1.27145 0.0239944
30 3 1.2464 0.026413
33 3 1.21899 0.0287476
36 3 1.1893 0.0309467
39 3 1.15749 0.0329895
42 3 1.1237 0.0348454
45 3 1.08819 0.0365143
48 3 1.05111 0.0379124
51 3 1.01277 0.039011
54 3 0.973494 0.039772
57 3 0.933619 0.0401869
60 3 0.893547 0.040184
63 3 0.85368 0.0397434
66 3 0.81447 0.0388546
69 3 0.776404 0.0374765
72 3 0.739961 0.0356073
75 3 0.70564 0.0332456
78 3 0.673923 0.0304155
81 3 0.645279 0.0271378
84 3 0.620153 0.0234389
87 3 0.59893 0.0193746
90 3 0.581956 0.0150037
93 3 0.569516 0.0103834
96 3 0.56182 0.0055896
99 3 0.559002 0.00070383
102 3 0.561117 -0.00419736
105 3 0.568137 -0.00903261
108 3 0.579958 -0.0137215
111 3 0.59639 -0.0181866
114 3 0.617174 -0.0223632
117 3 0.641985 -0.0261936
120 3 0.670449 -0.0296192
123 3 0.702128 -0.0326014
126 3 0.736559 -0.0351048
129 3 0.773252 -0.0371323
132 3 0.811735 -0.03866
135 3 0.851487 -0.039712
138 3 0.892021 -0.0402756
141 3 0.932901 -0.0403938
144 3 0.973658 -0.0401001
147 3 1.0139 -0.039402
150 3 1.05323 -0.0383816
153 3 1.09135 -0.0370216
156 3 1.12797 -0.0354137
159 3 1.1628 -0.0335693
162 3 1.19569 -0.0315456
165 3 1.22639 -0.0293331
168 3 1.25481 -0.0269833
171 3 1.28079 -0.0245457
174 3 1.30426 -0.0219841
177 3 1.32516 -0.0193939
180 3 1.34337 -0.016758
183 3 1.35894 -0.0140762
186 3 1.37171 -0.0114021
189 3 1.38186 -0.00865555
192 3 1.38918 -0.00593567
195 3 1.39376 -0.00318527
198 3 1.39561 -0.000453949
0 6 1.38589 0.000873566
3 6 1.38411 0.00620651
6 6 1.37967 0.0115395
9 6 1.37267 0.0168495
12 6 1.36294 0.022171
15 6 1.3506 0.02742
18 6 1.33561 0.0326576
21 6 1.31802 0.0378342
24 6 1.29787 0.042942
27 6 1.27516 0.0479298
30 6 1.24997 0.0527878
33 6 1.22238 0.0574627
36 6 1.19251 0.0618649
39 6 1.16045 0.0659828
42 6 1.12636 0.0697327
45 6 1.09049 0.0730801
48 6 1.053 0.0758991
51 6 1.01421 0.0781288
54 6 0.974405 0.0797195
57 6 0.933948 0.0805502
60 6 0.893223 0.0805798
63 6 0.852677 0.0797262
66 6 0.812773 0.0779285
69 6 0.773963 0.0751829
72 6 0.736784 0.071434
75 6 0.701737 0.0667114
78 6 0.669318 0.0610304
81 6 0.640021 0.0544233
84 6 0.614298 0.0469794
87 6 0.592555 0.0387957
90 6 0.575163 0.029974
93 6 0.562407 0.0206609
96 6 0.554506 0.010995
99 6 0.551607 0.00113719
102 6 0.553763 -0.00874734
105 6 0.560945 -0.0184962
108 6 0.573044 -0.0279486
111 6 0.589865 -0.0369558
114 6 0.611135 -0.045372
117 6 0.636521 -0.0530767
120 6 0.66562 -0.0599666
123 6 0.697988 -0.0659628
126 6 0.73314 -0.071002
129 6 0.770598 -0.0750513
132 6 0.809815 -0.0781088
135 6 0.850307 -0.0801611
138 6 0.891532 -0.0812788
141 6 0.933059 -0.0814848
144 6 0.974416 -0.0808325
147 6 1.01521 -0.0794277
150 6 1.05504 -0.0773106
153 6 1.09362 -0.0745678
156 6 1.1306 -0.0713062
159 6 1.16576 -0.0675468
162 6 1.1989 -0.0634212
165 6 1.22983 -0.0589695
168 6 1.25842 -0.0542488
171 6 1.28456 -0.0492973
174 6 1.30813 -0.0441818
177 6 1.3291 -0.0390091
180 6 1.34738 -0.0336914
183 6 1.363 -0.028286
186 6 1.37582 -0.0228577
189 6 1.38593 -0.0173874
192 6 1.39334 -0.0119362
195 6 1.39786 -0.00645065
198 6 1.39972 -0.000926971
0 9 1.39251 0.00133896
3 9 1.39079 0.00930786
6 9 1.38638 0.0172997
9 9 1.37928 0.0252838
12 9 1.36958 0.0332336
15 9 1.35717 0.0411949
18 9 1.34214 0.0489922
21 9 1.32447 0.0568047
24 9 1.30421 0.0644875
27 9 1.28133 0.0720253
30 9 1.25593 0.0793438
33 9 1.22809 0.08638
36 9 1.19788 0.0930767
39 9 1.16542 0.0993271
42 9 1.13086 0.105061
45 9 1.09438 0.110126
48 9 1.05623 0.114481
51 9 1.01667 0.117926
54 9 0.975955 0.120381
57 9 0.934541 0.121722
60 9 0.892756 0.121841
63 9 0.851069 0.120618
66 9 0.809953 0.117995
69 9 0.769916 0.113877
72 9 0.731484 0.108266
75 9 0.695199 0.101143
78 9 0.661596 0.0925479
81 9 0.63118 0.0825543
84 9 0.604446 0.0712681
87 9 0.581832 0.0588381
90 9 0.563722 0.0454397
93 9 0.550429 0.0312805
96 9 0.542186 0.016584
99 9 0.539144 0.00159365
102 9 0.541368 -0.0134405
105 9 0.548824 -0.0282669
108 9 0.561395 -0.0426381
111 9 0.578877 -0.0563238
114 9 0.600971 -0.0691025
117 9 0.627331 -0.0807867
120 9 0.657516 -0.0912218
123 9 0.691061 -0.100288
126 9 0.727449 -0.107889
129 9 0.766161 -0.113972
132 9 0.806624 -0.118535
135 9 0.848335 -0.121603
138 9 0.890761 -0.123202
141 9 0.933389 -0.123418
144 9 0.975772 -0.122361
147 9 1.01747 -0.120152
150 9 1.05814 -0.116856
153 9 1.09742 -0.112654
156 9 1.13503 -0.10763
159 9 1.17073 -0.101923
162 9 1.20432 -0.0956192
165 9 1.23561 -0.0888691
168 9 1.26451 -0.081728
171 9 1.29084 -0.0742378
174 9 1.31463 -0.0665283
177 9 1.3357 -0.0586815
180 9 1.35411 -0.0506554
183 9 1.36973 -0.0425224
186 9 1.38263 -0.0343628
189 9 1.39282 -0.0261726
192 9 1.40017 -0.0179176
195 9 1.40477 -0.00963211
198 9 1.40661 -0.00138474
0 12 1.40186 0.0017662
3 12 1.40009 0.0124588
6 12 1.39565 0.0231171
9 12 1.38857 0.0337143
12 12 1.37882 0.044342
15 12 1.3664 0.0549278
18 12 1.35128 0.0654373
21 12 1.33353 0.0758896
24 12 1.3131 0.0862007
27 12 1.29002 0.0963326
30 12 1.26439 0.106159
33 12 1.23619 0.115669
36 12 1.20552 0.124704
39 12 1.17249 0.133211
42 12 1.13727 0.141005
45 12 1.09999 0.147964
48 12 1.06088 0.153906
51 12 1.0202 0.15872
54 12 0.978285 0.162178
57 12 0.935475 0.164128
60 12 0.892202 0.16444
63 12 0.848879 0.162943
66 12 0.806061 0.159515
69 12 0.764257 0.154079
72 12 0.724037 0.146588
75 12 0.685976 0.137036
78 12 0.650667 0.125463
81 12 0.618654 0.111969
84 12 0.59047 0.0966964
87 12 0.566597 0.0798461
90 12 0.547454 0.0616653
93 12 0.533384 0.0424331
96 12 0.524646 0.0224625
99 12 0.521406 0.00208645
102 12 0.523727 -0.0183491
105 12 0.531576 -0.0384996
108 12 0.544829 -0.0580256
111 12 0.56326 -0.0766015
114 12 0.586546 -0.0939329
117 12 0.614299 -0.109761
120 12 0.646039 -0.12387
123 12 0.68128 -0.136084
126 12 0.719441 -0.14629
129 12 0.759951 -0.154428
132 12 0.802216 -0.160482
135 12 0.845679 -0.164475
138 12 0.889764 -0.166501
141 12 0.933961 -0.166654
144 12 0.977788 -0.165074
147 12 1.02079 -0.161915
150 12 1.06262 -0.157337
153 12 1.10292 -0.151546
156 12 1.14141 -0.144661
159 12 1.17785 -0.136869
162 12 1.21203 -0.128302
165 12 1.24384 -0.11916
168 12 1.27308 -0.109484
171 12 1.29976 -0.0994148
174 12 1.32376 -0.0890617
177 12 1.34502 -0.0784645
180 12 1.36353 -0.0677376
183 12 1.37929 -0.0568695
186 12 1.39225 -0.0459213
189 12 1.4024 -0.0349007
192 12 1.40985 -0.0238838
195 12 1.41442 -0.0128746
198 12 1.41625 -0.00185394
0 15 1.41382 0.0022316
3 15 1.41211 0.0155449
6 15 1.40763 0.0288811
9 15 1.40054 0.0421524
12 15 1.39079 0.0554619
15 15 1.37828 0.0687332
18 15 1.36314 0.0819626
21 15 1.34525 0.0950813
24 15 1.32467 0.108082
27 15 1.30135 0.120827
30 15 1.27536 0.133314
33 15 1.24673 0.145378
36 15 1.21552 0.156933
39 15 1.18179 0.167772
42 15 1.14571 0.177788
45 15 1.10741 0.186754
48 15 1.06711 0.194523
51 15 1.02503 0.200829
54 15 0.981501 0.205454
57 15 0.936902 0.208198
60 15 0.891654 0.208825
63 15 0.84622 0.207176
66 15 0.801143 0.203048
69 15 0.757009 0.196351
72 15 0.714425 0.186987
75 15 0.674017 0.174954
78 15 0.636435 0.160303
81 15 0.602288 0.143158
84 15 0.572171 0.123699
87 15 0.546617 0.102187
90 15 0.526098 0.0789375
93 15 0.510997 0.0543181
96 15 0.501599 0.0287396
99 15 0.498088 0.00263307
102 15 0.500539 -0.0235522
105 15 0.508913 -0.0493664
108 15 0.523076 -0.0743692
111 15 0.542768 -0.0981395
114 15 0.567639 -0.120284
117 15 0.597257 -0.140473
120 15 0.631094 -0.158422
123 15 0.668574 -0.173909
126 15 0.709082 -0.186789
129 15 0.751979 -0.196992
132 15 0.79662 -0.204486
135 15 0.842387 -0.209353
138 15 0.888677 -0.211679
141 15 0.934917 -0.21162
144 15 0.980616 -0.209349
147 15 1.02532 -0.205095
150 15 1.06863 -0.199087
153 15 1.11025 -0.191505
156 15 1.14981 -0.182587
159 15 1.18719 -0.17259
162 15 1.22214 -0.161644
165 15 1.25453 -0.149946
168 15 1.28431 -0.137655
171 15 1.31133 -0.124884
174 15 1.33561 -0.111797
177 15 1.35709 -0.0984077
180 15 1.37575 -0.0848923
183 15 1.3916 -0.0712166
186 15 1.40459 -0.0574989
189 15 1.41482 -0.0437317
192 15 1.42219 -0.0299377
195 15 1.42682 -0.0161171
198 15 1.4287 -0.002285
0 18 1.4285 0.00266266
3 18 1.42673 0.0186615
6 18 1.4223 0.0346298
9 18 1.4152 0.0506325
12 18 1.4054 0.0666199
15 18 1.39291 0.0826073
18 18 1.37767 0.0985603
21 18 1.35968 0.114437
24 18 1.33891 0.130169
27 18 1.31534 0.145683
30 18 1.289 0.160879
33 18 1.25989 0.175638
36 18 1.22803 0.189808
39 18 1.19349 0.203184
42 18 1.15639 0.215603
45 18 1.11683 0.22681
48 18 1.07508 0.236547
51 18 1.03131 0.244581
54 18 0.985806 0.250604
57 18 0.939006 0.25434
60 18 0.891305 0.255507
63 18 0.843206 0.25387
66 18 0.795314 0.249175
69 18 0.748224 0.241272
72 18 0.702631 0.230048
75 18 0.659238 0.215494
78 18 0.618758 0.197648
81 18 0.581886 0.176661
84 18 0.549294 0.152759
87 18 0.521593 0.126262
90 18 0.499311 0.0975757
93 18 0.482888 0.067162
96 18 0.472648 0.0355382
99 18 0.468794 0.00325129
102 18 0.47141 -0.0291354
105 18 0.480452 -0.0610588
108 18 0.495773 -0.0919605
111 18 0.517084 -0.12131
114 18 0.543992 -0.148611
117 18 0.575983 -0.173443
120 18 0.612488 -0.195444
123 18 0.652834 -0.214349
126 18 0.696332 -0.229981
129 18 0.742261 -0.242253
132 18 0.789911 -0.25116
135 18 0.838584 -0.256768
138 18 0.887617 -0.259245
141 18 0.936432 -0.258789
144 18 0.984456 -0.25563
147 18 1.03124 -0.250061
150 18 1.07638 -0.242346
153 18 1.11955 -0.232801
156 18 1.16047 -0.221674
159 18 1.19893 -0.209217
162 18 1.2348 -0.195719
165 18 1.26794 -0.181307
168 18 1.29823 -0.166265
171 18 1.3257 -0.150721
174 18 1.3503 -0.134758
177 18 1.37196 -0.118576
180 18 1.39077 -0.102177
183 18 1.40673 -0.0856934
186 18 1.41978 -0.0691223
189 18 1.43 -0.0525551
192 18 1.43743 -0.0359535
195 18 1.44207 -0.0193367
198 18 1.4439 -0.00277328
0 21 1.44582 0.00309372
3 21 1.44406 0.0217705
6 21 1.43962 0.0404129
9 21 1.43253 0.059082
12 21 1.42273 0.0778084
15 21 1.41026 0.0965767
18 21 1.39499 0.115269
21 21 1.37687 0.133923
24 21 1.35597 0.15247
27 21 1.33215 0.170834
30 21 1.30542 0.188898
33 21 1.27575 0.206495
36 21 1.24319 0.223433
39 21 1.20775 0.239571
42 21 1.16948 0.254612
45 21 1.12856 0.268301
48 21 1.08508 0.280317
51 21 1.03928 0.290364
54 21 0.991467 0.298068
57 21 0.942006 0.303071
60 21 0.891347 0.305028
63 21 0.840016 0.303607
66 21 0.788652 0.29851
69 21 0.737943 0.289508
72 21 0.68864 0.276472
75 21 0.641547 0.259328
78 21 0.597464 0.238141
81 21 0.557205 0.213074
84 21 0.521521 0.184411
87 21 0.491129 0.152536
90 21 0.466648 0.117942
93 21 0.44858 0.0812105
96 21 0.437296 0.042992
99 21 0.433016 0.00396212
102 21 0.435831 -0.0351925
105 21 0.445703 -0.0737829
108 21 0.462462 -0.111122
111 21 0.485791 -0.146542
114 21 0.515234 -0.179433
117 21 0.550206 -0.209257
120 21 0.590029 -0.23558
123 21 0.633934 -0.258084
126 21 0.681145 -0.276561
129 21 0.730829 -0.290902
132 21 0.782183 -0.301132
135 21 0.834428 -0.307357
138 21 0.886827 -0.309781
141 21 0.938712 -0.308663
144 21 0.989546 -0.30435
147 21 1.0388 -0.297154
150 21 1.0861 -0.287481
153 21 1.13111 -0.27566
156 21 1.17357 -0.262043
159 21 1.21329 -0.246929
162 21 1.25019 -0.230616
165 21 1.2841 -0.213375
168 21 1.31501 -0.195395
171 21 1.34296 -0.176901
174 21 1.36782 -0.158009
177 21 1.38973 -0.138893
180 21 1.40868 -0.119602
183 21 1.42463 -0.100239
186 21 1.43776 -0.0808067
189 21 1.448 -0.0614014
192 21 1.45541 -0.0419884
195 21 1.46006 -0.0226021
198 21 1.46189 -0.00323105
0 24 1.46576 0.00355148
3 24 1.46405 0.024826
6 24 1.45966 0.0461655
9 24 1.45263 0.0675087
12 24 1.44283 0.0889626
15 24 1.43037 0.110443
18 24 1.41509 0.131969
21 24 1.39694 0.153481
24 24 1.3759 0.174957
27 24 1.35185 0.196278
30 24 1.32476 0.217333
33 24 1.29456 0.237953
36 24 1.26126 0.257917
39 24 1.22482 0.276999
42 24 1.18532 0.29495
45 24 1.1428 0.311417
48 24 1.09739 0.326048
51 24 1.0493 0.33845
54 24 0.998786 0.348193
57 24 0.946218 0.354828
60 24 0.89206 0.357919
63 24 0.836881 0.35702
66 24 0.781351 0.351763
69 24 0.726252 0.341813
72 24 0.672439 0.326989
75 24 0.620833 0.307208
78 24 0.572352 0.282516
81 24 0.527926 0.253102
84 24 0.488445 0.219286
87 24 0.454738 0.181533
90 24 0.427548 0.140445
93 24 0.407468 0.0967476
96 24 0.394916 0.051252
99 24 0.390126 0.00478892
102 24 0.393179 -0.041822
105 24 0.404043 -0.0877678
108 24 0.422556 -0.132215
111 24 0.448362 -0.174331
114 24 0.480934 -0.213341
117 24 0.519572 -0.248595
120 24 0.563472 -0.279567
123 24 0.611751 -0.305876
126 24 0.663476 -0.327288
129 24 0.717728 -0.343695
132 24 0.773577 -0.355133
135 24 0.830116 -0.361757
138 24 0.886526 -0.363838
141 24 0.942099 -0.361757
144 24 0.996211 -0.355918
147 24 1.04835 -0.346766
150 24 1.09811 -0.334761
153 24 1.14522 -0.320328
156 24 1.18941 -0.303904
159 24 1.23053 -0.285824
162 24 1.26851 -0.266479
165 24 1.3033 -0.246128
168 24 1.33483 -0.225058
171 24 1.36321 -0.203455
174 24 1.38837 -0.181496
177 24 1.41045 -0.159325
180 24 1.42946 -0.137085
183 24 1.44551 -0.11478
186 24 1.45856 -0.0924492
189 24 1.46883 -0.0702209
192 24 1.47622 -0.0480232
195 24 1.48082 -0.0258141
198 24 1.48263 -0.00370407
0 27 1.48836 0.00397873
3 27 1.48663 0.0279045
6 27 1.48232 0.0518265
9 27 1.47535 0.0758858
12 27 1.46568 0.100048
15 27 1.45325 0.124306
18 27 1.4381 0.148685
21 27 1.41992 0.173134
24 27 1.39882 0.197605
27 27 1.37461 0.222013
30 27 1.3472 0.246222
33 27 1.3165 0.270029
36 27 1.28246 0.293251
39 27 1.245 0.315607
42 27 1.20416 0.336777
45 27 1.15992 0.356384
48 27 1.1124 0.37402
51 27 1.06173 0.389206
54 27 1.00817 0.401434
57 27 0.95204 0.410151
60 27 0.893825 0.414794
63 27 0.834105 0.414808
66 27 0.773636 0.409676
69 27 0.713281 0.399005
72 27 0.654039 0.382489
75 27 0.596985 0.360014
78 27 0.54318 0.331631
81 27 0.493697 0.297546
84 27 0.449574 0.258115
87 27 0.411812 0.213873
90 27 0.381312 0.165559
93 27 0.358798 0.114076
96 27 0.344755 0.0604624
99 27 0.339378 0.00575523
102 27 0.342696 -0.0491204
105 27 0.354715 -0.10326
108 27 0.375324 -0.155658
111 27 0.404153 -0.205243
114 27 0.44055 -0.251043
117 27 0.48367 -0.292244
120 27 0.532522 -0.328237
123 27 0.586087 -0.35859
126 27 0.643295 -0.383045
129 27 0.703051 -0.401484
132 27 0.764279 -0.413967
135 27 0.825942 -0.420709
138 27 0.887094 -0.422091
141 27 0.946957 -0.418613
144 27 1.00486 -0.410793
147 27 1.06026 -0.399221
150 27 1.11283 -0.384439
153 27 1.16224 -0.36701
156 27 1.20831 -0.347389
159 27 1.25094 -0.326031
162 27 1.29006 -0.303354
165 27 1.3257 -0.279652
168 27 1.35784 -0.255251
171 27 1.38658 -0.230371
174 27 1.41201 -0.205198
177 27 1.43423 -0.179905
180 27 1.45325 -0.154591
183 27 1.46929 -0.129307
186 27 1.48231 -0.104099
189 27 1.49247 -0.0789909
192 27 1.49978 -0.0539932
195 27 1.50436 -0.0290298
198 27 1.50614 -0.00415802
0 30 1.5136 0.00441742
3 30 1.51185 0.0309029
6 30 1.50762 0.0574799
9 30 1.5008 0.084156
12 30 1.49127 0.110989
15 30 1.47905 0.138062
18 30 1.46397 0.165306
21 30 1.44592 0.192749
24 30 1.42485 0.220303
27 30 1.40054 0.247917
30 30 1.37289 0.275438
33 30 1.34176 0.302694
36 30 1.30704 0.329439
39 30 1.26859 0.355373
42 30 1.22638 0.380119
45 30 1.18036 0.403316
48 30 1.13055 0.424432
51 30 1.07709 0.442901
54 30 1.02013 0.458171
57 30 0.959981 0.469546
60 30 0.897099 0.476307
63 30 0.832096 0.477734
66 30 0.765809 0.473183
69 30 0.699207 0.462056
72 30 0.633469 0.44397
75 30 0.569876 0.418742
78 30 0.50969 0.386454
81 30 0.454108 0.347353
84 30 0.404322 0.301776
87 30 0.361602 0.250307
90 30 0.32705 0.193855
93 30 0.301611 0.133522
96 30 0.285904 0.0707408
99 30 0.279927 0.00687597
102 30 0.283506 -0.0571446
105 30 0.29675 -0.12049
108 30 0.319828 -0.181938
111 30 0.352349 -0.239975
114 30 0.393426 -0.293374
117 30 0.442018 -0.341142
120 30 0.496886 -0.382566
123 30 0.556793 -0.417232
126 30 0.620556 -0.44485
129 30 0.686914 -0.465271
132 30 0.754571 -0.478552
135 30 0.82229 -0.485035
138 30 0.88899 -0.485237
141 30 0.953794 -0.479811
144 30 1.016 -0.469451
147 30 1.0751 -0.454881
150 30 1.13071 -0.436809
153 30 1.1826 -0.415855
156 30 1.23068 -0.392628
159 30 1.27484 -0.367582
162 30 1.31514 -0.341213
165 30 1.35159 -0.313869
168 30 1.3843 -0.2859
171 30 1.41336 -0.257563
174 30 1.43892 -0.229027
177 30 1.46114 -0.200504
180 30 1.48011 -0.17205
183 30 1.49602 -0.143776
186 30 1.5089 -0.115669
189 30 1.51896 -0.0877113
192 30 1.52617 -0.0598717
195 30 1.53064 -0.0322227
198 30 1.5324 -0.00461197
0 33 1.54131 0.00482941
3 33 1.53966 0.0338707
6 33 1.53552 0.0629616
9 33 1.52884 0.0922546
12 33 1.51957 0.12175
15 33 1.50761 0.151581
18 33 1.49278 0.181744
21 33 1.47499 0.212215
24 33 1.45408 0.242952
27 33 1.42984 0.273901
30 33 1.40211 0.304947
33 33 1.37069 0.335859
36 33 1.33537 0.366402
39 33 1.29599 0.396263
42 33 1.25243 0.425064
45 33 1.20457 0.452299
48 33 1.1524 0.477416
51 33 1.09594 0.499826
54 33 1.03529 0.518804
57 33 0.970679 0.533534
60 33 0.902507 0.543136
63 33 0.831419 0.546669
66 33 0.758312 0.543249
69 33 0.684284 0.532109
72 33 0.610741 0.512623
75 33 0.539337 0.484534
78 33 0.471597 0.448099
81 33 0.408735 0.403663
84 33 0.351979 0.351379
87 33 0.30319 0.291719
90 33 0.263647 0.226103
93 33 0.234564 0.155389
96 33 0.217311 0.0820103
99 33 0.210977 0.00812306
102 33 0.214672 -0.0657753
105 33 0.228852 -0.139566
108 33 0.254801 -0.211711
111 33 0.292002 -0.279377
114 33 0.338725 -0.341385
117 33 0.394119 -0.396447
120 33 0.456218 -0.443677
123 33 0.523637 -0.482936
126 33 0.595201 -0.513905
129 33 0.669503 -0.536238
132 33 0.744833 -0.549984
135 33 0.819681 -0.555664
138 33 0.892817 -0.554037
141 33 0.963265 -0.545939
144 33 1.03028 -0.532294
147 33 1.09339 -0.514047
150 33 1.15228 -0.49202
153 33 1.20681 -0.466997
156 33 1.25693 -0.439606
159 33 1.30266 -0.41045
162 33 1.34402 -0.37999
165 33 1.38121 -0.348707
168 33 1.41434 -0.316904
171 33 1.44357 -0.284893
174 33 1.46916 -0.252886
177 33 1.49126 -0.221008
180 33 1.51003 -0.189369
183 33 1.52569 -0.158035
186 33 1.53835 -0.126961
189 33 1.5482 -0.0962143
192 33 1.55524 -0.0657158
195 33 1.55959 -0.0353432
198 33 1.56131 -0.00505447
0 36 1.57156 0.00522232
3 36 1.56996 0.0367012
6 36 1.56598 0.0682564
9 36 1.55953 0.100071
12 36 1.55058 0.132225
15 36 1.53899 0.16481
18 36 1.52459 0.197807
21 36 1.50719 0.231384
24 36 1.48663 0.265388
27 36 1.46266 0.299814
30 36 1.435 0.334526
33 36 1.40347 0.369383
36 36 1.36771 0.404074
39 36 1.32755 0.438292
42 36 1.28275 0.471542
45 36 1.23312 0.503353
48 36 1.17854 0.533134
51 36 1.11899 0.56015
54 36 1.05444 0.583633
57 36 0.984979 0.602647
60 36 0.910882 0.61604
63 36 0.832797 0.622551
66 36 0.751765 0.621051
69 36 0.668951 0.610562
72 36 0.585849 0.589954
75 36 0.50506 0.558667
78 36 0.42862 0.517719
81 36 0.357383 0.467794
84 36 0.291665 0.408708
87 36 0.235365 0.338623
90 36 0.189894 0.264074
93 36 0.155193 0.179742
96 36 0.137872 0.0934866
99 36 0.132207 0.00929301
102 36 0.135545 -0.0742803
105 36 0.148889 -0.159952
108 36 0.178041 -0.246499
111 36 0.222647 -0.324101
114 36 0.27494 -0.396609
117 36 0.339686 -0.459658
120 36 0.410239 -0.512733
123 36 0.486283 -0.556914
126 36 0.567056 -0.591676
129 36 0.651102 -0.615884
132 36 0.73562 -0.629491
135 36 0.818795 -0.633637
138 36 0.899363 -0.62932
141 36 0.976214 -0.617599
144 36 1.04854 -0.599738
147 36 1.11591 -0.576942
150 36 1.17822 -0.550252
153 36 1.23544 -0.520494
156 36 1.28761 -0.488396
159 36 1.33479 -0.454575
162 36 1.37715 -0.419645
165 36 1.41489 -0.384033
168 36 1.44826 -0.348146
171 36 1.4775 -0.312244
174 36 1.50287 -0.276594
177 36 1.52469 -0.241283
180 36 1.54307 -0.206394
183 36 1.55839 -0.171982
186 36 1.57074 -0.138039
189 36 1.58018 -0.104485
192 36 1.587 -0.0712967
195 36 1.59127 -0.0383034
198 36 1.59289 -0.00547409
0 39 1.60413 0.00563049
3 39 1.60263 0.0393982
6 39 1.59885 0.0733566
9 39 1.59276 0.107559
12 39 1.58426 0.142307
15 39 1.57315 0.177578
18 39 1.55933 0.21344
21 39 1.54256 0.250084
24 39 1.52257 0.287386
27 39 1.49911 0.325378
30 39 1.47182 0.363987
33 39 1.44044 0.403027
36 39 1.40451 0.442221
39 39 1.36379 0.481176
42 39 1.31791 0.519459
45 39 1.26659 0.556479
48 39 1.20969 0.591557
51 39 1.14705 0.623964
54 39 1.07852 0.652917
57 39 1.00396 0.677362
60 39 0.923307 0.695843
63 39 0.837141 0.706494
66 39 0.746984 0.70779
69 39 0.654141 0.699157
72 39 0.558578 0.678375
75 39 0.466119 0.642168
78 39 0.380462 0.59655
81 39 0.30119 0.540669
84 39 0.228359 0.481139
87 39 0.15075 0.382356
90 39 0.0996452 0.322598
93 39 0.0573652 0.203503
96 39 0.0476315 0.102286
99 39 0.0434402 0.00915029
102 39 0.0469668 -0.080066
105 39 0.0533261 -0.177519
108 39 0.0778002 -0.293099
111 39 0.151191 -0.364473
114 39 0.193391 -0.467209
117 39 0.27885 -0.531868
120 39 0.357979 -0.590564
123 39 0.444325 -0.640022
126 39 0.535262 -0.680319
129 39 0.632514 -0.706306
132 39 0.727847 -0.718395
135 39 0.820495 -0.720105
138 39 0.909698 -0.71204
141 39 0.993758 -0.695405
144 39 1.07174 -0.672089
147 39 1.14352 -0.643744
150 39 1.20928 -0.611519
153 39 1.26915 -0.576304
156 39 1.32324 -0.538843
159 39 1.37175 -0.499863
162 39 1.41488 -0.459955
165 39 1.45296 -0.419626
168 39 1.48629 -0.379341
171 39 1.51526 -0.339357
174 39 1.54022 -0.299894
177 39 1.56145 -0.261093
180 39 1.57929 -0.222961
183 39 1.59404 -0.185524
186 39 1.60583 -0.148727
189 39 1.61489 -0.112492
192 39 1.62135 -0.0766983
195 39 1.62533 -0.0412025
198 39 1.62695 -0.00588608
0 42 1.63895 0.00597382
3 42 1.63755 0.0419121
6 42 1.63407 0.0781136
9 42 1.62846 0.114639
12 42 1.62049 0.151775
15 42 1.6101 0.189632
18 42 1.59705 0.22834
21 42 1.58112 0.267998
24 42 1.562 0.308689
27 42 1.53936 0.350374
30 42 1.5128 0.39304
33 42 1.48189 0.436485
36 42 1.44617 0.480551
39 42 1.4052 0.524765
42 42 1.3585 0.568644
45 42 1.3057 0.611519
48 42 1.24658 0.652635
51 42 1.18096 0.691237
54 42 1.10867 0.726631
57 42 1.02912 0.757949
60 42 0.94141 0.783499
63 42 0.845492 0.800009
66 42 0.744423 0.804319
69 42 0.642998 0.798928
72 42 0.529293 0.785166
75 42 0.415678 0.730206
78 42 0.349026 0.699912
81 42 0.343476 0.646894
84 42 0.173103 0.173103
87 42 0 0
90 42 0 0
93 42 0 0
96 42 0 0
99 42 0 0
102 42 0 0
105 42 0 0
108 42 0 0
111 42 0 0
114 42 0 0
117 42 0.0895345 -0.633329
120 42 0.257016 -0.683883
123 42 0.401621 -0.726906
126 42 0.495802 -0.787019
129 42 0.61793 -0.810466
132 42 0.722296 -0.817126
135 42 0.825525 -0.816571
138 42 0.925366 -0.803439
141 42 1.01751 -0.779832
144 42 1.10117 -0.749396
147 42 1.17716 -0.714366
150 42 1.24621 -0.675779
153 42 1.30862 -0.634358
156 42 1.36451 -0.590866
159 42 1.4141 -0.546049
162 42 1.45769 -0.500637
165 42 1.49574 -0.455223
168 42 1.52871 -0.410238
171 42 1.55708 -0.365944
174 42 1.58122 -0.322582
177 42 1.60163 -0.28019
180 42 1.61864 -0.2388
183 42 1.63258 -0.198372
186 42 1.64364 -0.158836
189 42 1.65214 -0.119976
192 42 1.65823 -0.0817337
195 42 1.66195 -0.0438919
198 42 1.66337 -0.00626373
0 45 1.67583 0.00630951
3 45 1.67461 0.0442963
6 45 1.67149 0.0824661
9 45 1.66633 0.12114
12 45 1.65915 0.160549
15 45 1.64966 0.200867
18 45 1.63765 0.242268
21 45 1.62285 0.284904
24 45 1.60496 0.328941
27 45 1.58353 0.374374
30 45 1.5581 0.421234
33 45 1.52816 0.4694
36 45 1.49311 0.518692
39 45 1.4523 0.56868
42 45 1.40517 0.618803
45 45 1.35114 0.668294
48 45 1.28992 0.716226
51 45 1.22151 0.761701
54 45 1.14596 0.804275
57 45 1.06254 0.844036
60 45 0.968255 0.88012
63 45 0.859508 0.906416
66 45 0.740217 0.912776
69 45 0.638535 0.894561
72 45 0.477336 0.924066
75 45 0.145244 0.64609
78 45 0 0
81 45 0 0
84 45 0 0
87 45 0 0
90 45 0 0
93 45 0 0
96 45 0 0
99 45 0 0
102 45 0 0
105 45 0 0
108 45 0 0
111 45 0 0
114 45 0 0
117 45 0 0
120 45 0 0
123 45 0.254997 -0.254997
126 45 0.588187 -1.00658
129 45 0.635626 -0.918634
132 45 0.712319 -0.923471
135 45 0.834377 -0.926806
138 45 0.949341 -0.905465
141 45 1.05001 -0.87081
144 45 1.13817 -0.831121
147 45 1.21766 -0.788501
150 45 1.28979 -0.742875
153 45 1.35462 -0.694507
156 45 1.4121 -0.644147
159 45 1.46244 -0.592793
162 45 1.50609 -0.541315
165 45 1.54361 -0.490343
168 45 1.57573 -0.440338
171 45 1.60301 -0.391615
174 45 1.62601 -0.344236
177 45 1.64521 -0.298294
180 45 1.66104 -0.253712
183 45 1.67394 -0.210373
186 45 1.6841 -0.168205
189 45 1.69182 -0.126968
192 45 1.69733 -0.0864029
195 45 1.70069 -0.0463486
198 45 1.70204 -0.00662231
0 48 1.71459 0.0065918
3 48 1.71354 0.046299
6 48 1.71082 0.0862961
9 48 1.70639 0.1269
12 48 1.70005 0.168434
15 48 1.6917 0.210972
18 48 1.68103 0.254948
21 48 1.66771 0.300488
24 48 1.65143 0.347775
27 48 1.63168 0.396957
30 48 1.60794 0.448078
33 48 1.57953 0.501156
36 48 1.54576 0.556053
39 48 1.5058 0.612377
42 48 1.45875 0.669561
45 48 1.40383 0.726654
48 48 1.34051 0.782348
51 48 1.2691 0.835189
54 48 1.19076 0.884696
57 48 1.1064 0.932984
60 48 1.01125 0.985416
63 48 0.882318 1.03289
66 48 0.752735 1.07649
69 48 0.236533 0.886704
72 48 0 0
75 48 0 0
78 48 0 0
81 48 0 0
84 48 0 0
87 48 0 0
90 48 0 0
93 48 0 0
96 48 0 0
99 48 0 0
102 48 0 0
105 48 0 0
108 48 0 0
111 48 0 0
114 48 0 0
117 48 0 0
120 48 0 0
123 48 0 0
126 48 0 0
129 48 0.330701 -0.330701
132 48 0.608601 -1.05903
135 48 0.847881 -1.05574
138 48 0.990268 -1.02087
141 48 1.09494 -0.965612
144 48 1.18341 -0.915546
147 48 1.2653 -0.865753
150 48 1.34064 -0.812845
153 48 1.40804 -0.75664
156 48 1.46689 -0.698426
159 48 1.51749 -0.639648
162 48 1.56054 -0.58143
165 48 1.59694 -0.524494
168 48 1.62757 -0.469244
171 48 1.65322 -0.415882
174 48 1.67454 -0.364475
177 48 1.69212 -0.315035
180 48 1.70644 -0.267326
183 48 1.71796 -0.221268
186 48 1.72698 -0.176624
189 48 1.73381 -0.133137
192 48 1.73863 -0.0905457
195 48 1.74152 -0.0485725
198 48 1.74268 -0.00692749
0 51 1.75498 0.00684357
3 51 1.75413 0.0480309
6 51 1.7519 0.0896111
9 51 1.74824 0.13184
12 51 1.74302 0.175144
15 51 1.73602 0.219757
18 51 1.72696 0.266048
21 51 1.71556 0.314268
24 51 1.70135 0.3647
27 51 1.68382 0.417553
30 51 1.66238 0.473009
33 51 1.63628 0.531139
36 51 1.60462 0.591906
39 51 1.56635 0.655165
42 51 1.52026 0.720351
45 51 1.46499 0.786414
48 51 1.39938 0.851418
51 51 1.32364 0.912391
54 51 1.24099 0.966967
57 51 1.1582 1.01745
60 51 1.08492 1.08097
63 51 1.04351 1.34629
66 51 0 0
69 51 0 0
72 51 0 0
75 51 0 0
78 51 0 0
81 51 0 0
84 51 0 0
87 51 0 0
90 51 0 0
93 51 0 0
96 51 0 0
99 51 0 0
102 51 0 0
105 51 0 0
108 51 0 0
111 51 0 0
114 51 0 0
117 51 0 0
120 51 0 0
123 51 0 0
126 51 0 0
129 51 0 0
132 51 0 0
135 51 0.325056 -1.16421
138 51 1.08364 -1.13666
141 51 1.15166 -1.05288
144 51 1.23415 -1.00034
147 51 1.3194 -0.946633
150 51 1.3996 -0.8863
153 51 1.47016 -0.820773
156 51 1.53003 -0.753185
159 51 1.58004 -0.685892
162 51 1.62162 -0.620255
165 51 1.65604 -0.556911
168 51 1.68444 -0.496193
171 51 1.70775 -0.438168
174 51 1.7268 -0.382792
177 51 1.74222 -0.329931
180 51 1.75464 -0.279316
183 51 1.76447 -0.230759
186 51 1.77208 -0.183891
189 51 1.77775 -0.138432
192 51 1.78171 -0.0940781
195 51 1.78414 -0.0504189
198 51 1.7851 -0.00718689
0 54 1.79668 0.00703812
3 54 1.79603 0.0493584
6 54 1.79442 0.0921326
9 54 1.7917 0.135712
12 54 1.78774 0.180504
15 54 1.78239 0.226879
18 54 1.77533 0.275169
21 54 1.76618 0.325859
24 54 1.75456 0.379171
27 54 1.73989 0.435526
30 54 1.72148 0.49518
33 54 1.69855 0.558401
36 54 1.67002 0.625307
39 54 1.63471 0.695933
42 54 1.59099 0.770109
45 54 1.53666 0.847044
48 54 1.46888 0.924498
51 54 1.38563 0.996655
54 54 1.29166 1.05493
57 54 1.20144 1.09576
60 54 1.13502 1.12071
63 54 0 0
66 54 0 0
69 54 0 0
72 54 0 0
75 54 0 0
78 54 0 0
81 54 0 0
84 54 0 0
87 54 0 0
90 54 0 0
93 54 0 0
96 54 0 0
99 54 0 0
102 54 0 0
105 54 0 0
108 54 0 0
111 54 0 0
114 54 0 0
117 54 0 0
120 54 0 0
123 54 0 0
126 54 0 0
129 54 0 0
132 54 0 0
135 54 0 0
138 54 0.571223 -0.571223
141 54 1.19585 -1.12489
144 54 1.28242 -1.08861
147 54 1.37905 -1.03509
150 54 1.46878 -0.965136
153 54 1.54325 -0.886839
156 54 1.60301 -0.807502
159 54 1.65104 -0.730412
162 54 1.68982 -0.656696
165 54 1.72113 -0.586689
168 54 1.74633 -0.520409
171 54 1.76654 -0.457817
174 54 1.78266 -0.398592
177 54 1.7954 -0.342566
180 54 1.80545 -0.289318
183 54 1.81321 -0.238522
186 54 1.81907 -0.189766
189 54 1.82338 -0.142673
192 54 1.82636 -0.0968513
195 54 1.82814 -0.0519257
198 54 1.82888 -0.00738907
0 57 1.83932 0.00715637
3 57 1.83897 0.0502701
6 57 1.838 0.0938683
9 57 1.83635 0.138386
12 57 1.83389 0.184319
15 57 1.83044 0.23204
18 57 1.82569 0.282028
21 57 1.81932 0.334719
24 57 1.81081 0.390663
27 57 1.79964 0.450195
30 57 1.78512 0.513815
33 57 1.76633 0.581945
36 57 1.74219 0.65494
39 57 1.71138 0.733132
42 57 1.67215 0.816862
45 57 1.62183 0.906631
48 57 1.55481 1.00218
51 57 1.46025 1.09575
54 57 1.33889 1.1617
57 57 1.22267 1.18761
60 57 0 0
63 57 0 0
66 57 0 0
69 57 0 0
72 57 0 0
75 57 0 0
78 57 0 0
81 57 0 0
84 57 0 0
87 57 0 0
90 57 0 0
93 57 0 0
96 57 0 0
99 57 0 0
102 57 0 0
105 57 0 0
108 57 0 0
111 57 0 0
114 57 0 0
117 57 0 0
120 57 0 0
123 57 0 0
126 57 0 0
129 57 0 0
132 57 0 0
135 57 0 0
138 57 0 0
141 57 0.604917 -0.604917
144 57 1.321 -1.19475
147 57 1.44703 -1.14151
150 57 1.55477 -1.05194
153 57 1.63129 -0.95324
156 57 1.68763 -0.859246
159 57 1.73122 -0.771458
162 57 1.76546 -0.689405
165 57 1.79227 -0.612688
168 57 1.81318 -0.540995
171 57 1.82938 -0.474003
174 57 1.84183 -0.411272
177 57 1.85129 -0.352404
180 57 1.85846 -0.296837
183 57 1.86378 -0.244205
186 57 1.86765 -0.193939
189 57 1.87035 -0.145645
192 57 1.87223 -0.0987587
195 57 1.87331 -0.0528564
198 57 1.87376 -0.00751495
0 60 1.88251 0.00722122
3 60 1.88245 0.0506821
6 60 1.88223 0.0946579
9 60 1.88182 0.139721
12 60 1.88107 0.186291
15 60 1.8798 0.234921
18 60 1.87771 0.286118
21 60 1.87448 0.340445
24 60 1.8697 0.398458
27 60 1.86276 0.460754
30 60 1.85296 0.52795
33 60 1.83942 0.600626
36 60 1.82098 0.679373
39 60 1.79634 0.764793
42 60 1.76406 0.85758
45 60 1.72267 0.959668
48 60 1.66839 1.07789
51 60 1.57196 1.22541
54 60 1.37642 1.31257
57 60 0 0
60 60 0 0
63 60 0 0
66 60 0 0
69 60 0 0
72 60 0 0
75 60 0 0
78 60 0 0
81 60 0 0
84 60 0 0
87 60 0 0
90 60 0 0
93 60 0 0
96 60 0 0
99 60 0 0
102 60 0 0
105 60 0 0
108 60 0 0
111 60 0 0
114 60 0 0
117 60 0 0
120 60 0 0
123 60 0 0
126 60 0 0
129 60 0 0
132 60 0 0
135 60 0 0
138 60 0 0
141 60 0 0
144 60 0.669986 -0.669986
147 60 1.53773 -1.29189
150 60 1.67501 -1.14319
153 60 1.73828 -1.01345
156 60 1.78446 -0.904709
159 60 1.82059 -0.806808
162 60 1.84837 -0.716756
165 60 1.86928 -0.633638
168 60 1.88475 -0.556892
171 60 1.89596 -0.485909
174 60 1.90395 -0.420124
177 60 1.90951 -0.358856
180 60 1.91325 -0.301508
183 60 1.91576 -0.247498
186 60 1.91732 -0.196228
189 60 1.91825 -0.147137
192 60 1.91878 -0.0996742
195 60 1.91906 -0.0533447
198 60 1.91913 -0.00759506
0 63 1.92583 0.00720596
3 63 1.92605 0.050499
6 63 1.92671 0.0944405
9 63 1.92763 0.139496
12 63 1.92873 0.186234
15 63 1.92992 0.235222
18 63 1.93082 0.287071
21 63 1.93124 0.342457
24 63 1.93071 0.401993
27 63 1.92871 0.466454
30 63 1.92453 0.536564
33 63 1.91735 0.613205
36 63 1.90598 0.697179
39 63 1.88897 0.78923
42 63 1.8649 0.889608
45 63 1.83476 0.998506
48 63 1.80399 1.11874
51 63 2.00679 1.43418
54 63 0 0
57 63 0 0
60 63 0 0
63 63 0 0
66 63 0 0
69 63 0 0
72 63 0 0
75 63 0 0
78 63 0 0
81 63 0 0
84 63 0 0
87 63 0 0
90 63 0 0
93 63 0 0
96 63 0 0
99 63 0 0
102 63 0 0
105 63 0 0
108 63 0 0
111 63 0 0
114 63 0 0
117 63 0 0
120 63 0 0
123 63 0 0
126 63 0 0
129 63 0 0
132 63 0 0
135 63 0 0
138 63 0 0
141 63 0 0
144 63 0 0
147 63 0.825085 -0.825085
150 63 1.83252 -1.17959
153 63 1.85882 -1.05537
156 63 1.89095 -0.940237
159 63 1.91831 -0.834544
162 63 1.93821 -0.737201
165 63 1.95173 -0.648214
168 63 1.96049 -0.566992
171 63 1.96573 -0.492672
174 63 1.96844 -0.4244
177 63 1.96947 -0.361383
180 63 1.96941 -0.302839
183 63 1.96865 -0.248066
186 63 1.96762 -0.196316
189 63 1.96653 -0.147015
192 63 1.96565 -0.099514
195 63 1.96503 -0.0532379
198 63 1.96474 -0.00759125
0 66 1.96869 0.00709534
3 66 1.9693 0.0497437
6 66 1.97084 0.0930519
9 66 1.97324 0.13755
12 66 1.97639 0.183922
15 66 1.98021 0.232708
18 66 1.98448 0.284555
21 66 1.9889 0.340311
24 66 1.99317 0.400654
27 66 1.99679 0.466465
30 66 1.99911 0.538708
33 66 1.9994 0.618427
36 66 1.99656 0.706798
39 66 1.98893 0.8052
42 66 1.97297 0.913904
45 66 1.94584 1.02357
48 66 1.98153 1.16195
51 66 0 0
54 66 0 0
57 66 0 0
60 66 0 0
63 66 0 0
66 66 0 0
69 66 0 0
72 66 0 0
75 66 0 0
78 66 0 0
81 66 0 0
84 66 0 0
87 66 0 0
90 66 0 0
93 66 0 0
96 66 0 0
99 66 0 0
102 66 0 0
105 66 0 0
108 66 0 0
111 66 0 0
114 66 0 0
117 66 0 0
120 66 0 0
123 66 0 0
126 66 0 0
129 66 0 0
132 66 0 0
135 66 0 0
138 66 0 0
141 66 0 0
144 66 0 0
147 66 0 0
150 66 2.16112 -1.43744
153 66 1.97685 -1.07601
156 66 2.00321 -0.967789
159 66 2.02401 -0.853907
162 66 2.03442 -0.749163
165 66 2.03889 -0.655046
168 66 2.03967 -0.570192
171 66 2.03795 -0.493368
174 66 2.03469 -0.423468
177 66 2.03053 -0.359474
180 66 2.02613 -0.300442
183 66 2.02179 -0.24551
186 66 2.01791 -0.194008
189 66 2.01465 -0.145107
192 66 2.01217 -0.0981255
195 66 2.01057 -0.0524483
198 66 2.00995 -0.00747299
0 69 2.01064 0.00688171
3 69 2.01162 0.048336
6 69 2.01412 0.0904312
9 69 2.01807 0.133842
12 69 2.02342 0.179165
15 69 2.03005 0.227024
18 69 2.03791 0.278233
21 69 2.04671 0.33354
24 69 2.05624 0.393803
27 69 2.06608 0.460089
30 69 2.07574 0.533424
33 69 2.0845 0.615045
36 69 2.09169 0.70634
39 69 2.09666 0.809778
42 69 2.09646 0.932873
45 69 2.05058 1.08334
48 69 1.75611 0.44042
51 69 0 0
54 69 0 0
57 69 0 0
60 69 0 0
63 69 0 0
66 69 0 0
69 69 0 0
72 69 0 0
75 69 0 0
78 69 0 0
81 69 0 0
84 69 0 0
87 69 0 0
90 69 0 0
93 69 0 0
96 69 0 0
99 69 0 0
102 69 0 0
105 69 0 0
108 69 0 0
111 69 0 0
114 69 0 0
117 69 0 0
120 69 0 0
123 69 0 0
126 69 0 0
129 69 0 0
132 69 0 0
135 69 0 0
138 69 0 0
141 69 0 0
144 69 0 0
147 69 0 0
150 69 0 0
153 69 2.02545 -1.12515
156 69 2.1333 -0.998683
159 69 2.13982 -0.862039
162 69 2.13613 -0.750326
165 69 2.12969 -0.652594
168 69 2.12131 -0.565437
171 69 2.11173 -0.487207
174 69 2.10172 -0.41662
177 69 2.09189 -0.352539
180 69 2.08271 -0.293901
183 69 2.07453 -0.2397
186 69 2.06756 -0.189041
189 69 2.06201 -0.141235
192 69 2.05782 -0.0954056
195 69 2.05523 -0.0509529
198 69 2.05421 -0.00726318
0 72 2.05107 0.00658798
3 72 2.05248 0.0462189
6 72 2.05594 0.0866165
9 72 2.06149 0.128254
12 72 2.06908 0.171867
15 72 2.07873 0.218143
18 72 2.09034 0.267769
21 72 2.10383 0.321733
24 72 2.119 0.380997
27 72 2.1356 0.446625
30 72 2.15321 0.51989
33 72 2.17121 0.602064
36 72 2.18898 0.694302
39 72 2.20719 0.796969
42 72 2.23784 0.911632
45 72 2.30511 1.00359
48 72 0 0
51 72 0 0
54 72 0 0
57 72 0 0
60 72 0 0
63 72 0 0
66 72 0 0
69 72 0 0
72 72 0 0
75 72 0 0
78 72 0 0
81 72 0 0
84 72 0 0
87 72 0 0
90 72 0 0
93 72 0 0
96 72 0 0
99 72 0 0
102 72 0 0
105 72 0 0
108 72 0 0
111 72 0 0
114 72 0 0
117 72 0 0
120 72 0 0
123 72 0 0
126 72 0 0
129 72 0 0
132 72 0 0
135 72 0 0
138 72 0 0
141 72 0 0
144 72 0 0
147 72 0 0
150 72 0 0
153 72 2.15807 -0.497991
156 72 2.30549 -0.97446
159 72 2.26001 -0.847749
162 72 2.24036 -0.738466
165 72 2.22249 -0.639806
168 72 2.20415 -0.551752
171 72 2.18591 -0.473351
174 72 2.16853 -0.403322
177 72 2.15255 -0.340229
180 72 2.13833 -0.2829
183 72 2.12603 -0.230274
186 72 2.11588 -0.181385
189 72 2.10783 -0.135315
192 72 2.10193 -0.0913506
195 72 2.09829 -0.048748
198 72 2.09681 -0.00692749
0 75 2.08942 0.00619507
3 75 2.09122 0.0434608
6 75 2.09567 0.08144
9 75 2.10287 0.120697
12 75 2.11276 0.161915
15 75 2.12544 0.205753
18 75 2.1409 0.253075
21 75 2.15918 0.304745
24 75 2.18027 0.361811
27 75 2.20407 0.425552
30 75 2.23026 0.497398
33 75 2.25824 0.578943
36 75 2.28674 0.671583
39 75 2.31267 0.775093
42 75 2.31542 0.873681
45 75 1.80473 0.371442
48 75 0 0
51 75 0 0
54 75 0 0
57 75 0 0
60 75 0 0
63 75 0 0
66 75 0 0
69 75 0 0
72 75 0 0
75 75 0 0
78 75 0 0
81 75 0 0
84 75 0 0
87 75 0 0
90 75 0 0
93 75 0 0
96 75 0 0
99 75 0 0
102 75 0 0
105 75 0 0
108 75 0 0
111 75 0 0
114 75 0 0
117 75 0 0
120 75 0 0
123 75 0 0
126 75 0 0
129 75 0 0
132 75 0 0
135 75 0 0
138 75 0 0
141 75 0 0
144 75 0 0
147 75 0 0
150 75 0 0
153 75 0 0
156 75 2.33447 -0.897601
159 75 2.36779 -0.825288
162 75 2.34467 -0.715844
165 75 2.31594 -0.616215
168 75 2.28684 -0.52838
171 75 2.25921 -0.451206
174 75 2.2339 -0.383013
177 75 2.21147 -0.322189
180 75 2.19196 -0.267288
183 75 2.17545 -0.217194
186 75 2.16201 -0.170803
189 75 2.15145 -0.1273
192 75 2.14388 -0.0858688
195 75 2.13914 -0.0458069
198 75 2.13725 -0.00652313
0 78 2.12512 0.0056839
3 78 2.12726 0.04002
6 78 2.13271 0.0749855
9 78 2.14148 0.111225
12 78 2.15362 0.149323
15 78 2.16934 0.190002
18 78 2.18863 0.234018
21 78 2.21176 0.28233
24 78 2.23887 0.336018
27 78 2.27007 0.396406
30 78 2.30543 0.465221
33 78 2.34458 0.544566
36 78 2.38614 0.637172
39 78 2.42735 0.745339
42 78 2.514 0.94064
45 78 0 0
48 78 0 0
51 78 0 0
54 78 0 0
57 78 0 0
60 78 0 0
63 78 0 0
66 78 0 0
69 78 0 0
72 78 0 0
75 78 0 0
78 78 0 0
81 78 0 0
84 78 0 0
87 78 0 0
90 78 0 0
93 78 0 0
96 78 0 0
99 78 0 0
102 78 0 0
105 78 0 0
108 78 0 0
111 78 0 0
114 78 0 0
117 78 0 0
120 78 0 0
123 78 0 0
126 78 0 0
129 78 0 0
132 78 0 0
135 78 0 0
138 78 0 0
141 78 0 0
144 78 0 0
147 78 0 0
150 78 0 0
153 78 0 0
156 78 2.71704 -1.34751
159 78 2.4954 -0.80059
162 78 2.45235 -0.681673
165 78 2.40952 -0.580534
168 78 2.368 -0.494278
171 78 2.33007 -0.420076
174 78 2.29646 -0.355381
177 78 2.26734 -0.298216
180 78 2.24255 -0.246975
183 78 2.22189 -0.200371
186 78 2.20518 -0.157406
189 78 2.19227 -0.117207
192 78 2.18294 -0.0790176
195 78 2.17719 -0.0421524
198 78 2.17487 -0.00601578
0 81 2.15757 0.00510788
3 81 2.16005 0.0358467
6 81 2.16646 0.0672684
9 81 2.17673 0.0998764
12 81 2.19101 0.134151
15 81 2.20955 0.170856
18 81 2.23256 0.210718
21 81 2.26035 0.25462
24 81 2.2933 0.303566
27 81 2.33191 0.358942
30 81 2.37669 0.422526
33 81 2.42817 0.496929
36 81 2.48646 0.586783
39 81 2.54737 0.703269
42 81 2.70654 1.25993
45 81 0 0
48 81 0 0
51 81 0 0
54 81 0 0
57 81 0 0
60 81 0 0
63 81 0 0
66 81 0 0
69 81 0 0
72 81 0 0
75 81 0 0
78 81 0 0
81 81 0 0
84 81 0 0
87 81 0 0
90 81 0 0
93 81 0 0
96 81 0 0
99 81 0 0
102 81 0 0
105 81 0 0
108 81 0 0
111 81 0 0
114 81 0 0
117 81 0 0
120 81 0 0
123 81 0 0
126 81 0 0
129 81 0 0
132 81 0 0
135 81 0 0
138 81 0 0
141 81 0 0
144 81 0 0
147 81 0 0
150 81 0 0
153 81 0 0
156 81 0.804314 -0.804314
159 81 2.62575 -0.773293
162 81 2.56359 -0.630619
165 81 2.50134 -0.529826
168 81 2.44533 -0.448191
171 81 2.39649 -0.379499
174 81 2.35455 -0.320322
177 81 2.31888 -0.268347
180 81 2.28899 -0.221981
183 81 2.26435 -0.179939
186 81 2.2446 -0.141251
189 81 2.22939 -0.10511
192 81 2.21845 -0.0708427
195 81 2.21175 -0.0378151
198 81 2.20906 -0.00537872
0 84 2.18618 0.00442123
3 84 2.18908 0.0311699
6 84 2.19628 0.0584183
9 84 2.20791 0.0867157
12 84 2.22421 0.116581
15 84 2.24536 0.148605
18 84 2.27169 0.183464
21 84 2.30378 0.221849
24 84 2.34212 0.26478
27 84 2.38757 0.313364
30 84 2.44123 0.369217
33 84 2.50463 0.434603
36 84 2.58122 0.512231
39 84 2.70311 0.634676
42 84 0.830496 0.830496
45 84 0 0
48 84 0 0
51 84 0 0
54 84 0 0
57 84 0 0
60 84 0 0
63 84 0 0
66 84 0 0
69 84 0 0
72 84 0 0
75 84 0 0
78 84 0 0
81 84 0 0
84 84 0 0
87 84 0 0
90 84 0 0
93 84 0 0
96 84 0 0
99 84 0 0
102 84 0 0
105 84 0 0
108 84 0 0
111 84 0 0
114 84 0 0
117 84 0 0
120 84 0 0
123 84 0 0
126 84 0 0
129 84 0 0
132 84 0 0
135 84 0 0
138 84 0 0
141 84 0 0
144 84 0 0
147 84 0 0
150 84 0 0
153 84 0 0
156 84 0 0
159 84 2.85592 -0.790909
162 84 2.67395 -0.548417
165 84 2.58612 -0.461008
168 84 2.51541 -0.38947
171 84 2.45604 -0.329544
174 84 2.40627 -0.278122
177 84 2.3647 -0.233007
180 84 2.33022 -0.192711
183 84 2.30202 -0.156158
186 84 2.27953 -0.122566
189 84 2.2622 -0.0911903
192 84 2.24984 -0.061409
195 84 2.24223 -0.0327797
198 84 2.23922 -0.00466537
0 87 2.21057 0.00369263
3 87 2.21371 0.0258865
6 87 2.22169 0.0485077
9 87 2.23449 0.0720444
12 87 2.25253 0.0969009
15 87 2.27589 0.123573
18 87 2.30522 0.152601
21 87 2.34094 0.184597
24 87 2.38387 0.220333
27 87 2.43508 0.260588
30 87 2.4961 0.306525
33 87 2.56935 0.360056
36 87 2.65406 0.425739
39 87 2.68246 0.474888
42 87 0 0
45 87 0 0
48 87 0 0
51 87 0 0
54 87 0 0
57 87 0 0
60 87 0 0
63 87 0 0
66 87 0 0
69 87 0 0
72 87 0 0
75 87 0 0
78 87 0 0
81 87 0 0
84 87 0 0
87 87 0 0
90 87 0 0
93 87 0 0
96 87 0 0
99 87 0 0
102 87 0 0
105 87 0 0
108 87 0 0
111 87 0 0
114 87 0 0
117 87 0 0
120 87 0 0
123 87 0 0
126 87 0 0
129 87 0 0
132 87 0 0
135 87 0 0
138 87 0 0
141 87 0 0
144 87 0 0
147 87 0 0
150 87 0 0
153 87 0 0
156 87 0 0
159 87 2.67394 -0.418844
162 87 2.74715 -0.452207
165 87 2.65754 -0.377366
168 87 2.57429 -0.319188
171 87 2.50597 -0.271259
174 87 2.44983 -0.229727
177 87 2.40346 -0.192892
180 87 2.3652 -0.159714
183 87 2.33398 -0.129509
186 87 2.30914 -0.101654
189 87 2.2901 -0.0756416
192 87 2.27655 -0.0509491
195 87 2.26816 -0.0271683
198 87 2.26482 -0.0038681
0 90 2.23023 0.00287628
3 90 2.23365 0.0200958
6 90 2.24213 0.037735
9 90 2.25599 0.0560455
12 90 2.27536 0.0754242
15 90 2.30065 0.0961666
18 90 2.33228 0.118828
21 90 2.37095 0.143711
24 90 2.41745 0.171398
27 90 2.47284 0.202269
30 90 2.53882 0.236554
33 90 2.61904 0.273848
36 90 2.72844 0.314764
39 90 2.99716 0.335196
42 90 0 0
45 90 0 0
48 90 0 0
51 90 0 0
54 90 0 0
57 90 0 0
60 90 0 0
63 90 0 0
66 90 0 0
69 90 0 0
72 90 0 0
75 90 0 0
78 90 0 0
81 90 0 0
84 90 0 0
87 90 0 0
90 90 0 0
93 90 0 0
96 90 0 0
99 90 0 0
102 90 0 0
105 90 0 0
108 90 0 0
111 90 0 0
114 90 0 0
117 90 0 0
120 90 0 0
123 90 0 0
126 90 0 0
129 90 0 0
132 90 0 0
135 90 0 0
138 90 0 0
141 90 0 0
144 90 0 0
147 90 0 0
150 90 0 0
153 90 0 0
156 90 0 0
159 90 3.39366 -0.16071
162 90 2.85866 -0.322287
165 90 2.71275 -0.275381
168 90 2.61768 -0.239416
171 90 2.54391 -0.206827
174 90 2.4838 -0.176735
177 90 2.43414 -0.149097
180 90 2.39312 -0.123787
183 90 2.35966 -0.100517
186 90 2.33302 -0.0789642
189 90 2.31257 -0.0587654
192 90 2.29802 -0.0395927
195 90 2.28903 -0.0211067
198 90 2.28546 -0.00300598
0 93 2.24485 0.00199127
3 93 2.2484 0.0140038
6 93 2.25735 0.0262489
9 93 2.27195 0.0390205
12 93 2.29235 0.052494
15 93 2.319 0.0669518
18 93 2.3524 0.0827236
21 93 2.39318 0.100016
24 93 2.44214 0.119204
27 93 2.50024 0.140444
30 93 2.56829 0.163516
33 93 2.64633 0.185708
36 93 2.73143 0.190305
39 93 2.81317 0.104862
42 93 0 0
45 93 0 0
48 93 0 0
51 93 0 0
54 93 0 0
57 93 0 0
60 93 0 0
63 93 0 0
66 93 0 0
69 93 0 0
72 93 0 0
75 93 0 0
78 93 0 0
81 93 0 0
84 93 0 0
87 93 0 0
90 93 0 0
93 93 0 0
96 93 0 0
99 93 0 0
102 93 0 0
105 93 0 0
108 93 0 0
111 93 0 0
114 93 0 0
117 93 0 0
120 93 0 0
123 93 0 0
126 93 0 0
129 93 0 0
132 93 0 0
135 93 0 0
138 93 0 0
141 93 0 0
144 93 0 0
147 93 0 0
150 93 0 0
153 93 0 0
156 93 0 0
159 93 2.94863 -0.0301456
162 93 2.84248 -0.145128
165 93 2.73066 -0.165997
168 93 2.64167 -0.156953
171 93 2.56864 -0.139956
174 93 2.50751 -0.121286
177 93 2.45625 -0.102997
180 93 2.41357 -0.085804
183 93 2.37861 -0.0697746
186 93 2.35065 -0.0548668
189 93 2.32924 -0.0408592
192 93 2.31396 -0.0275345
195 93 2.30452 -0.0147095
198 93 2.30077 -0.00207901
0 96 2.25407 0.00106812
3 96 2.25774 0.00762939
6 96 2.267 0.0143242
9 96 2.28204 0.0212784
12 96 2.30313 0.0285912
15 96 2.33065 0.0364971
18 96 2.36511 0.0450497
21 96 2.40723 0.0544605
24 96 2.45776 0.0649185
27 96 2.51756 0.0765686
30 96 2.58736 0.0899677
33 96 2.66574 0.107644
36 96 2.73374 0.139034
39 96 2.66449 0.138718
42 96 0 0
45 96 0 0
48 96 0 0
51 96 0 0
54 96 0 0
57 96 0 0
60 96 0 0
63 96 0 0
66 96 0 0
69 96 0 0
72 96 0 0
75 96 0 0
78 96 0 0
81 96 0 0
84 96 0 0
87 96 0 0
90 96 0 0
93 96 0 0
96 96 0 0
99 96 0 0
102 96 0 0
105 96 0 0
108 96 0 0
111 96 0 0
114 96 0 0
117 96 0 0
120 96 0 0
123 96 0 0
126 96 0 0
129 96 0 0
132 96 0 0
135 96 0 0
138 96 0 0
141 96 0 0
144 96 0 0
147 96 0 0
150 96 0 0
153 96 0 0
156 96 0 0
159 96 2.83811 -0.0100992
162 96 2.79669 -0.0592041
165 96 2.72497 -0.0793848
168 96 2.65035 -0.0807209
171 96 2.58176 -0.0742455
174 96 2.52149 -0.0652294
177 96 2.46979 -0.0557346
180 96 2.42635 -0.0465984
183 96 2.39051 -0.0379601
186 96 2.36181 -0.0298462
189 96 2.33977 -0.0222626
192 96 2.324 -0.0149765
195 96 2.31431 -0.00799942
198 96 2.31048 -0.00112915
0 99 2.25782 0.000171661
3 99 2.26152 0.001091
6 99 2.27092 0.00209808
9 99 2.28612 0.00310898
12 99 2.30748 0.00419235
15 99 2.33534 0.00532341
18 99 2.37027 0.00654602
21 99 2.4129 0.00792313
24 99 2.46406 0.00939178
27 99 2.52473 0.0111046
30 99 2.59647 0.0132198
33 99 2.68413 0.0173769
36 99 2.82133 0.0461783
39 99 3.48949 1.08047
42 99 0 0
45 99 0 0
48 99 0 0
51 99 0 0
54 99 0 0
57 99 0 0
60 99 0 0
63 99 0 0
66 99 0 0
69 99 0 0
72 99 0 0
75 99 0 0
78 99 0 0
81 99 0 0
84 99 0 0
87 99 0 0
90 99 0 0
93 99 0 0
96 99 0 0
99 99 0 0
102 99 0 0
105 99 0 0
108 99 0 0
111 99 0 0
114 99 0 0
117 99 0 0
120 99 0 0
123 99 0 0
126 99 0 0
129 99 0 0
132 99 0 0
135 99 0 0
138 99 0 0
141 99 0 0
144 99 0 0
147 99 0 0
150 99 0 0
153 99 0 0
156 99 0 0
159 99 2.80572 -0.00125444
162 99 2.77712 -0.00767183
165 99 2.71951 -0.0108385
168 99 2.65211 -0.0113926
171 99 2.58629 -0.0106621
174 99 2.52682 -0.00945854
177 99 2.47515 -0.00812721
180 99 2.43143 -0.00681114
183 99 2.39527 -0.00555229
186 99 2.36627 -0.0043869
189 99 2.34401 -0.0032959
192 99 2.32814 -0.00224304
195 99 2.31831 -0.00117874
198 99 2.3144 -0.000183105
0 102 2.25598 -0.000766754
3 102 2.25968 -0.00541306
6 102 2.269 -0.0101662
9 102 2.28411 -0.0150871
12 102 2.30534 -0.0203133
15 102 2.33301 -0.0259647
18 102 2.36772 -0.0320454
21 102 2.41007 -0.0387897
24 102 2.46089 -0.0462494
27 102 2.5211 -0.0546589
30 102 2.59168 -0.0646667
33 102 2.67311 -0.0802946
36 102 2.75497 -0.127077
39 102 2.64202 -0.234464
42 102 0 0
45 102 0 0
48 102 0 0
51 102 0 0
54 102 0 0
57 102 0 0
60 102 0 0
63 102 0 0
66 102 0 0
69 102 0 0
72 102 0 0
75 102 0 0
78 102 0 0
81 102 0 0
84 102 0 0
87 102 0 0
90 102 0 0
93 102 0 0
96 102 0 0
99 102 0 0
102 102 0 0
105 102 0 0
108 102 0 0
111 102 0 0
114 102 0 0
117 102 0 0
120 102 0 0
123 102 0 0
126 102 0 0
129 102 0 0
132 102 0 0
135 102 0 0
138 102 0 0
141 102 0 0
144 102 0 0
147 102 0 0
150 102 0 0
153 102 0 0
156 102 0 0
159 102 2.82124 0.006675
162 102 2.78681 0.0400033
165 102 2.72238 0.0550375
168 102 2.6513 0.0567751
171 102 2.58406 0.0525246
174 102 2.52417 0.0462379
177 102 2.47248 0.0395374
180 102 2.42892 0.0330238
183 102 2.39289 0.026886
186 102 2.36408 0.0211601
189 102 2.34194 0.0157166
192 102 2.3261 0.0106125
195 102 2.31639 0.0056572
198 102 2.31247 0.000797272
0 105 2.24862 -0.00168228
3 105 2.25221 -0.0118256
6 105 2.2613 -0.0222321
9 105 2.27602 -0.0330048
12 105 2.29671 -0.0444412
15 105 2.32369 -0.0567093
18 105 2.35752 -0.0700855
21 105 2.39878 -0.084774
24 105 2.44835 -0.101065
27 105 2.50706 -0.119104
30 105 2.57557 -0.138903
33 105 2.65243 -0.158854
36 105 2.726 -0.166058
39 105 2.75882 -0.0938612
42 105 0 0
45 105 0 0
48 105 0 0
51 105 0 0
54 105 0 0
57 105 0 0
60 105 0 0
63 105 0 0
66 105 0 0
69 105 0 0
72 105 0 0
75 105 0 0
78 105 0 0
81 105 0 0
84 105 0 0
87 105 0 0
90 105 0 0
93 105 0 0
96 105 0 0
99 105 0 0
102 105 0 0
105 105 0 0
108 105 0 0
111 105 0 0
114 105 0 0
117 105 0 0
120 105 0 0
123 105 0 0
126 105 0 0
129 105 0 0
132 105 0 0
135 105 0 0
138 105 0 0
141 105 0 0
144 105 0 0
147 105 0 0
150 105 0 0
153 105 0 0
156 105 0 0
159 105 2.89762 0.0206083
162 105 2.82512 0.109496
165 105 2.72974 0.13407
168 105 2.64572 0.130308
171 105 2.5741 0.117437
174 105 2.51317 0.102201
177 105 2.4617 0.086956
180 105 2.41872 0.0724716
183 105 2.38343 0.05896
186 105 2.3552 0.0463181
189 105 2.33357 0.0345116
192 105 2.31813 0.0232315
195 105 2.30856 0.0123825
198 105 2.30475 0.00175858
0 108 2.2358 -0.00257492
3 108 2.23925 -0.0180473
6 108 2.24794 -0.0339012
9 108 2.26207 -0.0503273
12 108 2.28181 -0.0677261
15 108 2.30757 -0.0863495
18 108 2.33985 -0.106739
21 108 2.37927 -0.129145
24 108 2.42665 -0.154015
27 108 2.48306 -0.181684
30 108 2.54995 -0.212059
33 108 2.63034 -0.24333
36 108 2.73727 -0.26595
39 108 2.94482 -0.200752
42 108 0 0
45 108 0 0
48 108 0 0
51 108 0 0
54 108 0 0
57 108 0 0
60 108 0 0
63 108 0 0
66 108 0 0
69 108 0 0
72 108 0 0
75 108 0 0
78 108 0 0
81 108 0 0
84 108 0 0
87 108 0 0
90 108 0 0
93 108 0 0
96 108 0 0
99 108 0 0
102 108 0 0
105 108 0 0
108 108 0 0
111 108 0 0
114 108 0 0
117 108 0 0
120 108 0 0
123 108 0 0
126 108 0 0
129 108 0 0
132 108 0 0
135 108 0 0
138 108 0 0
141 108 0 0
144 108 0 0
147 108 0 0
150 108 0 0
153 108 0 0
156 108 0 0
159 108 3.15221 0.0803123
162 108 2.86648 0.250282
165 108 2.72292 0.237224
168 108 2.6277 0.211321
171 108 2.55353 0.184193
174 108 2.49281 0.157986
177 108 2.4425 0.133503
180 108 2.40085 0.110926
183 108 2.36684 0.0900803
186 108 2.33976 0.0707664
189 108 2.31899 0.0526505
192 108 2.30414 0.0354881
195 108 2.29501 0.0189056
198 108 2.2914 0.00269318
0 111 2.21786 -0.00337219
3 111 2.22112 -0.0239296
6 111 2.22927 -0.0448723
9 111 2.24244 -0.0666733
12 111 2.26091 -0.0897026
15 111 2.28492 -0.114422
18 111 2.31504 -0.141361
21 111 2.3518 -0.171055
24 111 2.39599 -0.204134
27 111 2.44873 -0.241344
30 111 2.5117 -0.283558
33 111 2.58785 -0.332468
36 111 2.68011 -0.397763
39 111 2.71892 -0.552152
42 111 0 0
45 111 0 0
48 111 0 0
51 111 0 0
54 111 0 0
57 111 0 0
60 111 0 0
63 111 0 0
66 111 0 0
69 111 0 0
72 111 0 0
75 111 0 0
78 111 0 0
81 111 0 0
84 111 0 0
87 111 0 0
90 111 0 0
93 111 0 0
96 111 0 0
99 111 0 0
102 111 0 0
105 111 0 0
108 111 0 0
111 111 0 0
114 111 0 0
117 111 0 0
120 111 0 0
123 111 0 0
126 111 0 0
129 111 0 0
132 111 0 0
135 111 0 0
138 111 0 0
141 111 0 0
144 111 0 0
147 111 0 0
150 111 0 0
153 111 0 0
156 111 0 0
159 111 2.64167 0.631708
162 111 2.78114 0.430908
165 111 2.67832 0.34583
168 111 2.59053 0.293038
171 111 2.51992 0.24984
174 111 2.46225 0.211994
177 111 2.41467 0.178173
180 111 2.37544 0.147575
183 111 2.34344 0.11968
186 111 2.31802 0.093956
189 111 2.29848 0.0699043
192 111 2.28456 0.0470543
195 111 2.27596 0.0251312
198 111 2.27257 0.00356674
0 114 2.19508 -0.00418854
3 114 2.19804 -0.0293655
6 114 2.2055 -0.0551071
9 114 2.21753 -0.0817795
12 114 2.23437 -0.110031
15 114 2.25633 -0.140278
18 114 2.28364 -0.173195
21 114 2.31693 -0.209528
24 114 2.35687 -0.250166
27 114 2.4043 -0.296125
30 114 2.46057 -0.348917
33 114 2.52736 -0.410579
36 114 2.60715 -0.48142
39 114 2.73376 -0.522838
42 114 0 0
45 114 0 0
48 114 0 0
51 114 0 0
54 114 0 0
57 114 0 0
60 114 0 0
63 114 0 0
66 114 0 0
69 114 0 0
72 114 0 0
75 114 0 0
78 114 0 0
81 114 0 0
84 114 0 0
87 114 0 0
90 114 0 0
93 114 0 0
96 114 0 0
99 114 0 0
102 114 0 0
105 114 0 0
108 114 0 0
111 114 0 0
114 114 0 0
117 114 0 0
120 114 0 0
123 114 0 0
126 114 0 0
129 114 0 0
132 114 0 0
135 114 0 0
138 114 0 0
141 114 0 0
144 114 0 0
147 114 0 0
150 114 0 0
153 114 0 0
156 114 0 0
159 114 2.91625 0.479855
162 114 2.7017 0.509093
165 114 2.61102 0.433894
168 114 2.53621 0.366708
171 114 2.47374 0.3104
174 114 2.42173 0.262058
177 114 2.37851 0.219547
180 114 2.34277 0.181599
183 114 2.31358 0.147175
186 114 2.29026 0.115471
189 114 2.27241 0.0858421
192 114 2.25968 0.0578423
195 114 2.25178 0.0308723
198 114 2.24865 0.00440598
0 117 2.16788 -0.00486374
3 117 2.17051 -0.0342674
6 117 2.17716 -0.0642776
9 117 2.18787 -0.0953979
12 117 2.20281 -0.128292
15 117 2.2222 -0.16346
18 117 2.24633 -0.201679
21 117 2.27552 -0.243813
24 117 2.31026 -0.290878
27 117 2.35117 -0.344173
30 117 2.39894 -0.405465
33 117 2.45448 -0.477369
36 117 2.51911 -0.564708
39 117 2.58991 -0.676633
42 117 2.71833 -0.301741
45 117 0 0
48 117 0 0
51 117 0 0
54 117 0 0
57 117 0 0
60 117 0 0
63 117 0 0
66 117 0 0
69 117 0 0
72 117 0 0
75 117 0 0
78 117 0 0
81 117 0 0
84 117 0 0
87 117 0 0
90 117 0 0
93 117 0 0
96 117 0 0
99 117 0 0
102 117 0 0
105 117 0 0
108 117 0 0
111 117 0 0
114 117 0 0
117 117 0 0
120 117 0 0
123 117 0 0
126 117 0 0
129 117 0 0
132 117 0 0
135 117 0 0
138 117 0 0
141 117 0 0
144 117 0 0
147 117 0 0
150 117 0 0
153 117 0 0
156 117 0 0
159 117 2.6672 0.717808
162 117 2.60076 0.607143
165 117 2.53036 0.508333
168 117 2.46941 0.429326
171 117 2.4171 0.363171
174 117 2.37256 0.306347
177 117 2.33496 0.256519
180 117 2.3036 0.212101
183 117 2.27781 0.171871
186 117 2.25716 0.134861
189 117 2.24128 0.100365
192 117 2.22989 0.0675888
195 117 2.22286 0.0360603
198 117 2.22003 0.00511169
0 120 2.13675 -0.00548172
3 120 2.13901 -0.0385895
6 120 2.14476 -0.0723572
9 120 2.15396 -0.107365
12 120 2.16682 -0.144196
15 120 2.18343 -0.183609
18 120 2.20393 -0.22629
21 120 2.22856 -0.273174
24 120 2.25757 -0.325415
27 120 2.29117 -0.384321
30 120 2.32957 -0.451637
33 120 2.37262 -0.529748
36 120 2.41913 -0.62193
39 120 2.46449 -0.729081
42 120 2.51823 -0.704421
45 120 0 0
48 120 0 0
51 120 0 0
54 120 0 0
57 120 0 0
60 120 0 0
63 120 0 0
66 120 0 0
69 120 0 0
72 120 0 0
75 120 0 0
78 120 0 0
81 120 0 0
84 120 0 0
87 120 0 0
90 120 0 0
93 120 0 0
96 120 0 0
99 120 0 0
102 120 0 0
105 120 0 0
108 120 0 0
111 120 0 0
114 120 0 0
117 120 0 0
120 120 0 0
123 120 0 0
126 120 0 0
129 120 0 0
132 120 0 0
135 120 0 0
138 120 0 0
141 120 0 0
144 120 0 0
147 120 0 0
150 120 0 0
153 120 0 0
156 120 2.70381 0.324278
159 120 2.53198 0.77595
162 120 2.4882 0.665946
165 120 2.43998 0.564681
168 120 2.39405 0.479493
171 120 2.35269 0.406801
174 120 2.31642 0.343744
177 120 2.28522 0.288181
180 120 2.25882 0.238476
183 120 2.23691 0.193363
186 120 2.21925 0.15184
189 120 2.20561 0.113007
192 120 2.19576 0.0761375
195 120 2.1897 0.0406494
198 120 2.18729 0.00579071
0 123 2.10217 -0.00602341
3 123 2.10407 -0.0422668
6 123 2.10879 -0.0791969
9 123 2.11648 -0.117466
12 123 2.1271 -0.157619
15 123 2.14073 -0.20042
18 123 2.15741 -0.246702
21 123 2.17723 -0.297314
24 123 2.20024 -0.353376
27 123 2.22636 -0.416126
30 123 2.25543 -0.487123
33 123 2.28686 -0.56818
36 123 2.31921 -0.661011
39 123 2.34901 -0.767245
42 123 2.35491 -0.901169
45 123 0.716357 -0.716357
48 123 0 0
51 123 0 0
54 123 0 0
57 123 0 0
60 123 0 0
63 123 0 0
66 123 0 0
69 123 0 0
72 123 0 0
75 123 0 0
78 123 0 0
81 123 0 0
84 123 0 0
87 123 0 0
90 123 0 0
93 123 0 0
96 123 0 0
99 123 0 0
102 123 0 0
105 123 0 0
108 123 0 0
111 123 0 0
114 123 0 0
117 123 0 0
120 123 0 0
123 123 0 0
126 123 0 0
129 123 0 0
132 123 0 0
135 123 0 0
138 123 0 0
141 123 0 0
144 123 0 0
147 123 0 0
150 123 0 0
153 123 0 0
156 123 2.38159 1.00091
159 123 2.40625 0.820765
162 123 2.37934 0.705173
165 123 2.34663 0.60481
168 123 2.31386 0.517278
171 123 2.28308 0.44088
174 123 2.25523 0.373726
177 123 2.23073 0.314018
180 123 2.20959 0.260326
183 123 2.19183 0.211334
186 123 2.17734 0.166115
189 123 2.16608 0.123718
192 123 2.15792 0.0834541
195 123 2.15288 0.044529
198 123 2.15086 0.00632858
0 126 2.06475 -0.00644302
3 126 2.06623 -0.0452843
6 126 2.06995 -0.0847855
9 126 2.07607 -0.125626
12 126 2.08439 -0.168404
15 126 2.09494 -0.213833
18 126 2.10775 -0.262775
21 126 2.12272 -0.316031
24 126 2.13973 -0.374611
27 126 2.15858 -0.439728
30 126 2.17884 -0.512644
33 126 2.19992 -0.594732
36 126 2.221 -0.68705
39 126 2.24194 -0.788823
42 126 2.27409 -0.890698
45 126 2.5574 -1.34678
48 126 0 0
51 126 0 0
54 126 0 0
57 126 0 0
60 126 0 0
63 126 0 0
66 126 0 0
69 126 0 0
72 126 0 0
75 126 0 0
78 126 0 0
81 126 0 0
84 126 0 0
87 126 0 0
90 126 0 0
93 126 0 0
96 126 0 0
99 126 0 0
102 126 0 0
105 126 0 0
108 126 0 0
111 126 0 0
114 126 0 0
117 126 0 0
120 126 0 0
123 126 0 0
126 126 0 0
129 126 0 0
132 126 0 0
135 126 0 0
138 126 0 0
141 126 0 0
144 126 0 0
147 126 0 0
150 126 0 0
153 126 0.829342 0.829342
156 126 2.34998 0.94469
159 126 2.29585 0.837504
162 126 2.27421 0.73071
165 126 2.25306 0.631938
168 126 2.23151 0.543898
171 126 2.21046 0.465809
174 126 2.1907 0.396275
177 126 2.17275 0.333897
180 126 2.15696 0.277374
183 126 2.14342 0.225582
186 126 2.13219 0.177551
189 126 2.12346 0.132374
192 126 2.11704 0.0893364
195 126 2.11303 0.0476837
198 126 2.11143 0.00679016
0 129 2.02502 -0.0067749
3 129 2.02611 -0.0475464
6 129 2.02891 -0.089077
9 129 2.03335 -0.131836
12 129 2.03937 -0.176537
15 129 2.04692 -0.223866
18 129 2.05591 -0.274538
21 129 2.06615 -0.329411
24 129 2.0774 -0.38938
27 129 2.08932 -0.455528
30 129 2.10139 -0.528915
33 129 2.11299 -0.610857
36 129 2.12353 -0.702666
39 129 2.13309 -0.806654
42 129 2.1431 -0.932915
45 129 2.12474 -1.14333
48 129 0.657381 -0.657381
51 129 0 0
54 129 0 0
57 129 0 0
60 129 0 0
63 129 0 0
66 129 0 0
69 129 0 0
72 129 0 0
75 129 0 0
78 129 0 0
81 129 0 0
84 129 0 0
87 129 0 0
90 129 0 0
93 129 0 0
96 129 0 0
99 129 0 0
102 129 0 0
105 129 0 0
108 129 0 0
111 129 0 0
114 129 0 0
117 129 0 0
120 129 0 0
123 129 0 0
126 129 0 0
129 129 0 0
132 129 0 0
135 129 0 0
138 129 0 0
141 129 0 0
144 129 0 0
147 129 0 0
150 129 0 0
153 129 2.09268 1.28875
156 129 2.18763 1.00418
159 129 2.17924 0.858793
162 129 2.17001 0.746343
165 129 2.16 0.648052
168 129 2.14863 0.560486
171 129 2.13649 0.48214
174 129 2.12431 0.411713
177 129 2.1127 0.347956
180 129 2.10203 0.289776
183 129 2.09264 0.236141
186 129 2.08471 0.186108
189 129 2.07838 0.138943
192 129 2.07371 0.0938187
195 129 2.07074 0.0501366
198 129 2.06962 0.0071373
0 132 1.98362 -0.00700378
3 132 1.98435 -0.0491943
6 132 1.98616 -0.0920486
9 132 1.98902 -0.136139
12 132 1.99283 -0.182079
15 132 1.99747 -0.230507
18 132 2.00281 -0.282137
21 132 2.00854 -0.337688
24 132 2.0144 -0.398033
27 132 2.01986 -0.464058
30 132 2.0244 -0.53673
33 132 2.02722 -0.617167
36 132 2.02737 -0.706694
39 132 2.0233 -0.807082
42 132 2.01049 -0.91992
45 132 1.97688 -1.03124
48 132 1.96109 -0.982322
51 132 0 0
54 132 0 0
57 132 0 0
60 132 0 0
63 132 0 0
66 132 0 0
69 132 0 0
72 132 0 0
75 132 0 0
78 132 0 0
81 132 0 0
84 132 0 0
87 132 0 0
90 132 0 0
93 132 0 0
96 132 0 0
99 132 0 0
102 132 0 0
105 132 0 0
108 132 0 0
111 132 0 0
114 132 0 0
117 132 0 0
120 132 0 0
123 132 0 0
126 132 0 0
129 132 0 0
132 132 0 0
135 132 0 0
138 132 0 0
141 132 0 0
144 132 0 0
147 132 0 0
150 132 1.89704 0.4661
153 132 1.99998 1.07323
156 132 2.04099 0.975364
159 132 2.06019 0.856406
162 132 2.067 0.749097
165 132 2.0684 0.653605
168 132 2.06653 0.567926
171 132 2.06255 0.490597
174 132 2.05733 0.420465
177 132 2.05159 0.356478
180 132 2.0458 0.297638
183 132 2.04037 0.243008
186 132 2.03555 0.191856
189 132 2.03167 0.143452
192 132 2.02866 0.0969543
195 132 2.02681 0.0517883
198 132 2.02602 0.00735855
0 135 1.94112 -0.00713348
3 135 1.94151 -0.0501633
6 135 1.94237 -0.0937881
9 135 1.94374 -0.138573
12 135 1.94547 -0.185089
15 135 1.94739 -0.233936
18 135 1.94925 -0.285807
21 135 1.95085 -0.341259
24 135 1.95172 -0.401041
27 135 1.95134 -0.465958
30 135 1.94909 -0.536791
33 135 1.94405 -0.614491
36 135 1.93514 -0.699984
39 135 1.92077 -0.794137
42 135 1.89914 -0.896913
45 135 1.8715 -1.00676
48 135 1.84116 -1.12514
51 135 1.73374 -0.457163
54 135 0 0
57 135 0 0
60 135 0 0
63 135 0 0
66 135 0 0
69 135 0 0
72 135 0 0
75 135 0 0
78 135 0 0
81 135 0 0
84 135 0 0
87 135 0 0
90 135 0 0
93 135 0 0
96 135 0 0
99 135 0 0
102 135 0 0
105 135 0 0
108 135 0 0
111 135 0 0
114 135 0 0
117 135 0 0
120 135 0 0
123 135 0 0
126 135 0 0
129 135 0 0
132 135 0 0
135 135 0 0
138 135 0 0
141 135 0 0
144 135 0 0
147 135 0 0
150 135 1.84552 1.15883
153 135 1.89726 1.06308
156 135 1.92622 0.947665
159 135 1.95147 0.839745
162 135 1.96889 0.740115
165 135 1.97996 0.649431
168 135 1.98652 0.567017
171 135 1.98983 0.491873
174 135 1.9909 0.423117
177 135 1.99049 0.35984
180 135 1.98918 0.301214
183 135 1.98746 0.24651
186 135 1.9856 0.19495
189 135 1.98394 0.145897
192 135 1.98254 0.0987053
195 135 1.98164 0.0527687
198 135 1.98129 0.00753021
0 138 1.89811 -0.00718307
3 138 1.89812 -0.0504799
6 138 1.89815 -0.0943451
9 138 1.89812 -0.139282
12 138 1.89787 -0.185787
15 138 1.89725 -0.234482
18 138 1.89602 -0.285826
21 138 1.89383 -0.340435
24 138 1.89026 -0.398891
27 138 1.88471 -0.461893
30 138 1.87649 -0.530024
33 138 1.86472 -0.604013
36 138 1.84826 -0.6845
39 138 1.82577 -0.772135
42 138 1.79591 -0.867552
45 138 1.75809 -0.972643
48 138 1.71206 -1.09605
51 138 1.63426 -1.27932
54 138 0.689212 -0.689212
57 138 0 0
60 138 0 0
63 138 0 0
66 138 0 0
69 138 0 0
72 138 0 0
75 138 0 0
78 138 0 0
81 138 0 0
84 138 0 0
87 138 0 0
90 138 0 0
93 138 0 0
96 138 0 0
99 138 0 0
102 138 0 0
105 138 0 0
108 138 0 0
111 138 0 0
114 138 0 0
117 138 0 0
120 138 0 0
123 138 0 0
126 138 0 0
129 138 0 0
132 138 0 0
135 138 0 0
138 138 0 0
141 138 0 0
144 138 0 0
147 138 1.57598 1.36261
150 138 1.72463 1.16561
153 138 1.77574 1.02705
156 138 1.81763 0.915025
159 138 1.85126 0.814371
162 138 1.87699 0.721965
165 138 1.89598 0.63698
168 138 1.90965 0.558815
171 138 1.91931 0.486818
174 138 1.92588 0.420294
177 138 1.93022 0.358566
180 138 1.93299 0.300957
183 138 1.93457 0.246815
186 138 1.93544 0.195541
189 138 1.93586 0.146549
192 138 1.93598 0.0992508
195 138 1.93603 0.0530777
198 138 1.93596 0.00756836
0 141 1.85498 -0.00716782
3 141 1.85468 -0.0502357
6 141 1.85395 -0.0938377
9 141 1.85264 -0.138397
12 141 1.85064 -0.184402
15 141 1.84776 -0.2323
18 141 1.84373 -0.282555
21 141 1.8382 -0.335766
24 141 1.8307 -0.392254
27 141 1.8207 -0.452669
30 141 1.80744 -0.51741
33 141 1.79004 -0.586998
36 141 1.76743 -0.661873
39 141 1.73823 -0.742443
42 141 1.70079 -0.829246
45 141 1.65256 -0.923344
48 141 1.58749 -1.02631
51 141 1.48899 -1.1321
54 141 1.35127 -1.20293
57 141 0.610925 -0.610925
60 141 0 0
63 141 0 0
66 141 0 0
69 141 0 0
72 141 0 0
75 141 0 0
78 141 0 0
81 141 0 0
84 141 0 0
87 141 0 0
90 141 0 0
93 141 0 0
96 141 0 0
99 141 0 0
102 141 0 0
105 141 0 0
108 141 0 0
111 141 0 0
114 141 0 0
117 141 0 0
120 141 0 0
123 141 0 0
126 141 0 0
129 141 0 0
132 141 0 0
135 141 0 0
138 141 0 0
141 141 0 0
144 141 1.32704 1.23374
147 141 1.47043 1.18069
150 141 1.58729 1.0791
153 141 1.6629 0.971243
156 141 1.71727 0.872192
159 141 1.75915 0.781038
162 141 1.79186 0.696402
165 141 1.81726 0.617701
168 141 1.83683 0.544462
171 141 1.85179 0.476295
174 141 1.86312 0.412695
177 141 1.87161 0.353165
180 141 1.87786 0.297207
183 141 1.8825 0.244286
186 141 1.88573 0.193863
189 141 1.888 0.145496
192 141 1.88948 0.0986137
195 141 1.89035 0.0528069
198 141 1.89069 0.00753021
0 144 1.81232 -0.00704956
3 144 1.81178 -0.0494537
6 144 1.81033 -0.0923119
9 144 1.80786 -0.136055
12 144 1.80431 -0.181099
15 144 1.79939 -0.227779
18 144 1.79295 -0.276501
21 144 1.78451 -0.327692
24 144 1.77369 -0.38179
27 144 1.75991 -0.439106
30 144 1.74249 -0.499958
33 144 1.72055 -0.564722
36 144 1.6931 -0.633553
39 144 1.65885 -0.706622
42 144 1.61606 -0.783846
45 144 1.56234 -0.864797
48 144 1.49389 -0.947446
51 144 1.40691 -1.02492
54 144 1.3059 -1.08484
57 144 1.2088 -1.1211
60 144 0.567362 -0.567362
63 144 0 0
66 144 0 0
69 144 0 0
72 144 0 0
75 144 0 0
78 144 0 0
81 144 0 0
84 144 0 0
87 144 0 0
90 144 0 0
93 144 0 0
96 144 0 0
99 144 0 0
102 144 0 0
105 144 0 0
108 144 0 0
111 144 0 0
114 144 0 0
117 144 0 0
120 144 0 0
123 144 0 0
126 144 0 0
129 144 0 0
132 144 0 0
135 144 0 0
138 144 0 0
141 144 1.19965 1.14594
144 144 1.29324 1.11664
147 144 1.39767 1.06359
150 144 1.49283 0.989107
153 144 1.56905 0.905346
156 144 1.62873 0.821644
159 144 1.67606 0.741257
162 144 1.71397 0.664972
165 144 1.74432 0.592937
168 144 1.76859 0.525066
171 144 1.78788 0.461176
174 144 1.80313 0.401022
177 144 1.81511 0.344213
180 144 1.82446 0.290436
183 144 1.83163 0.239212
186 144 1.83701 0.190178
189 144 1.84093 0.142918
192 144 1.84362 0.0969734
195 144 1.84523 0.0519295
198 144 1.84582 0.00741196
0 147 1.77052 -0.00686646
3 147 1.76971 -0.0482521
6 147 1.76762 -0.0900307
9 147 1.76416 -0.132515
12 147 1.75927 -0.176098
15 147 1.75265 -0.22118
18 147 1.74405 -0.267937
21 147 1.73319 -0.316813
24 147 1.7196 -0.368048
27 147 1.70277 -0.421951
30 147 1.682 -0.47864
33 147 1.65657 -0.538326
36 147 1.62557 -0.601011
39 147 1.58786 -0.666547
42 147 1.5421 -0.734501
45 147 1.48662 -0.803855
48 147 1.41991 -0.872444
51 147 1.34179 -0.936506
54 147 1.25619 -0.992208
57 147 1.17237 -1.04041
60 147 1.10722 -1.09305
63 147 0.578994 -0.578994
66 147 0 0
69 147 0 0
72 147 0 0
75 147 0 0
78 147 0 0
81 147 0 0
84 147 0 0
87 147 0 0
90 147 0 0
93 147 0 0
96 147 0 0
99 147 0 0
102 147 0 0
105 147 0 0
108 147 0 0
111 147 0 0
114 147 0 0
117 147 0 0
120 147 0 0
123 147 0 0
126 147 0 0
129 147 0 0
132 147 0 0
135 147 0 0
138 147 1.11477 1.13332
141 147 1.16566 1.07226
144 147 1.24783 1.02392
147 147 1.33614 0.970243
150 147 1.4194 0.907441
153 147 1.49173 0.838446
156 147 1.55226 0.767493
159 147 1.6023 0.697318
162 147 1.64353 0.629265
165 147 1.67746 0.563965
168 147 1.70526 0.501665
171 147 1.72798 0.442354
174 147 1.7464 0.385948
177 147 1.76127 0.332291
180 147 1.77317 0.281017
183 147 1.78255 0.23201
186 147 1.78978 0.184753
189 147 1.79509 0.138992
192 147 1.79881 0.0944443
195 147 1.80104 0.0506096
198 147 1.80194 0.00722504
0 150 1.72992 -0.00665283
3 150 1.72887 -0.0466385
6 150 1.72625 -0.0869217
9 150 1.72198 -0.127861
12 150 1.71588 -0.169697
15 150 1.70781 -0.212784
18 150 1.69748 -0.257328
21 150 1.68459 -0.303547
24 150 1.66873 -0.351694
27 150 1.64947 -0.401913
30 150 1.62614 -0.454319
33 150 1.59817 -0.508926
36 150 1.56472 -0.565578
39 150 1.52491 -0.624018
42 150 1.47777 -0.683614
45 150 1.42234 -0.74341
48 150 1.35799 -0.801861
51 150 1.28504 -0.857179
54 150 1.20532 -0.908535
57 150 1.12118 -0.958632
60 150 1.02952 -1.01731
63 150 0.888295 -1.08093
66 150 0.871422 -1.20488
69 150 0 0
72 150 0 0
75 150 0 0
78 150 0 0
81 150 0 0
84 150 0 0
87 150 0 0
90 150 0 0
93 150 0 0
96 150 0 0
99 150 0 0
102 150 0 0
105 150 0 0
108 150 0 0
111 150 0 0
114 150 0 0
117 150 0 0
120 150 0 0
123 150 0 0
126 150 0 0
129 150 0 0
132 150 0.276315 1.05224
135 150 0.830179 1.08636
138 150 1.00833 1.05615
141 150 1.10966 0.990633
144 150 1.19721 0.938379
147 150 1.28045 0.887085
150 150 1.35766 0.832038
153 150 1.42653 0.773205
156 150 1.48629 0.712354
159 150 1.53727 0.651136
162 150 1.58037 0.590796
165 150 1.61664 0.532026
168 150 1.64699 0.475248
171 150 1.67229 0.420635
174 150 1.69321 0.368204
177 150 1.71041 0.317881
180 150 1.72441 0.269539
183 150 1.73558 0.222897
186 150 1.74426 0.177841
189 150 1.75086 0.133953
192 150 1.75547 0.0910797
195 150 1.75828 0.0488663
198 150 1.75937 0.00695801
0 153 1.69087 -0.00636292
3 153 1.68965 -0.0446243
6 153 1.68658 -0.0831871
9 153 1.68155 -0.122253
12 153 1.67451 -0.162109
15 153 1.6652 -0.202946
18 153 1.65347 -0.244942
21 153 1.63895 -0.288326
24 153 1.62133 -0.333233
27 153 1.60016 -0.379713
30 153 1.57496 -0.427801
33 153 1.54519 -0.477386
36 153 1.51021 -0.52832
39 153 1.4693 -0.580206
42 153 1.4218 -0.632465
45 153 1.3671 -0.684239
48 153 1.3049 -0.734529
51 153 1.23522 -0.782293
54 153 1.15842 -0.827176
57 153 1.07397 -0.869828
60 153 0.977982 -0.91047
63 153 0.86375 -0.941771
66 153 0.734673 -0.95077
69 153 0.619616 -0.90408
72 153 0.223202 -0.891761
75 153 0 0
78 153 0 0
81 153 0 0
84 153 0 0
87 153 0 0
90 153 0 0
93 153 0 0
96 153 0 0
99 153 0 0
102 153 0 0
105 153 0 0
108 153 0 0
111 153 0 0
114 153 0 0
117 153 0 0
120 153 0 0
123 153 0 0
126 153 0.338721 0.338721
129 153 0.661028 0.921253
132 153 0.697265 0.954659
135 153 0.834934 0.960917
138 153 0.956856 0.935618
141 153 1.06043 0.896039
144 153 1.1499 0.853216
147 153 1.23082 0.808379
150 153 1.3045 0.760636
153 153 1.37068 0.710045
156 153 1.42913 0.65749
159 153 1.48008 0.604065
162 153 1.52405 0.550684
165 153 1.56171 0.498077
168 153 1.59379 0.446669
171 153 1.62093 0.396696
174 153 1.64375 0.348309
177 153 1.66273 0.3015
180 153 1.67836 0.256214
183 153 1.69102 0.212292
186 153 1.70098 0.169613
189 153 1.70859 0.127964
192 153 1.71393 0.0870705
195 153 1.71716 0.0467567
198 153 1.71845 0.00664902
0 156 1.65363 -0.00605392
3 156 1.65223 -0.0423622
6 156 1.64877 -0.0789337
9 156 1.64319 -0.115898
12 156 1.63534 -0.153496
15 156 1.62507 -0.191902
18 156 1.61216 -0.231262
21 156 1.59641 -0.271654
24 156 1.57741 -0.313166
27 156 1.55487 -0.355892
30 156 1.52838 -0.399721
33 156 1.49745 -0.444525
36 156 1.46157 -0.490082
39 156 1.42027 -0.53599
42 156 1.37304 -0.58172
45 156 1.31949 -0.626595
48 156 1.25932 -0.66978
51 156 1.19245 -0.710502
54 156 1.11869 -0.748136
57 156 1.03737 -0.782021
60 156 0.94707 -0.810499
63 156 0.847137 -0.829544
66 156 0.741303 -0.834504
69 156 0.638904 -0.829274
72 156 0.518194 -0.824485
75 156 0.385338 -0.748212
78 156 0.427762 -0.766008
81 156 0.201188 -0.201188
84 156 0 0
87 156 0 0
90 156 0 0
93 156 0 0
96 156 0 0
99 156 0 0
102 156 0 0
105 156 0 0
108 156 0 0
111 156 0 0
114 156 0 0
117 156 0 0
120 156 0.109178 0.741651
123 156 0.394351 0.742351
126 156 0.478373 0.824841
129 156 0.61307 0.840067
132 156 0.716801 0.844175
135 156 0.824593 0.844153
138 156 0.929164 0.829214
141 156 1.02461 0.802908
144 156 1.11047 0.769973
147 156 1.18824 0.732788
150 156 1.25887 0.692218
153 156 1.32261 0.64886
156 156 1.37954 0.603454
159 156 1.4299 0.556841
162 156 1.474 0.509798
165 156 1.51238 0.462891
168 156 1.54551 0.41659
171 156 1.57392 0.371193
174 156 1.59803 0.32683
177 156 1.61838 0.283615
180 156 1.63529 0.24152
183 156 1.64909 0.200516
186 156 1.66008 0.160439
189 156 1.66843 0.12114
192 156 1.67443 0.0824776
195 156 1.67808 0.0442924
198 156 1.67947 0.00631714
0 159 1.61838 -0.00566864
3 159 1.6169 -0.0398293
6 159 1.61316 -0.074234
9 159 1.60707 -0.108929
12 159 1.59859 -0.144093
15 159 1.5876 -0.179943
18 159 1.57381 -0.216473
21 159 1.55706 -0.253796
24 159 1.53707 -0.291983
27 159 1.51357 -0.33094
30 159 1.48621 -0.370632
33 159 1.45462 -0.410889
36 159 1.41841 -0.451439
39 159 1.3772 -0.491934
42 159 1.33065 -0.531857
45 159 1.27848 -0.570616
48 159 1.22047 -0.607495
51 159 1.15649 -0.641785
54 159 1.08635 -0.672693
57 159 1.00979 -0.699195
60 159 0.926567 -0.719718
63 159 0.837195 -0.73207
66 159 0.743554 -0.734449
69 159 0.647325 -0.726891
72 159 0.546552 -0.706969
75 159 0.44932 -0.667873
78 159 0.361675 -0.622007
81 159 0.282338 -0.564135
84 159 0.222429 -0.512645
87 159 0.107315 -0.384031
90 159 0.0399323 -0.367346
93 159 0.0193265 -0.208451
96 159 0.0158345 -0.104913
99 159 0.0149428 -0.0132578
102 159 0.0154007 0.0771849
105 159 0.0177359 0.175362
108 159 0.0278952 0.304621
111 159 0.124882 0.350476
114 159 0.148507 0.497469
117 159 0.250452 0.549013
120 159 0.334146 0.610337
123 159 0.42602 0.661218
126 159 0.519806 0.704871
129 159 0.623207 0.731381
132 159 0.722405 0.742546
135 159 0.818706 0.743608
138 159 0.911528 0.734315
141 159 0.998607 0.715947
144 159 1.07897 0.690761
147 159 1.1527 0.660598
150 159 1.22011 0.626644
153 159 1.28133 0.589733
156 159 1.33655 0.550665
159 159 1.38592 0.510103
162 159 1.42974 0.468748
165 159 1.46825 0.427105
168 159 1.50192 0.385643
171 159 1.53109 0.344582
174 159 1.55613 0.304209
177 159 1.57745 0.264622
180 159 1.59534 0.225784
183 159 1.60999 0.187744
186 159 1.62177 0.150429
189 159 1.63073 0.11372
192 159 1.63721 0.0774765
195 159 1.64115 0.0415993
198 159 1.64272 0.00592804
0 162 1.58541 -0.00531769
3 162 1.58384 -0.0371971
6 162 1.57983 -0.0691948
9 162 1.5734 -0.101448
12 162 1.56441 -0.134163
15 162 1.55282 -0.167233
18 162 1.53836 -0.200886
21 162 1.52094 -0.235123
24 162 1.50025 -0.269939
27 162 1.47614 -0.305252
30 162 1.44827 -0.340986
33 162 1.4164 -0.376953
36 162 1.38024 -0.41288
39 162 1.33948 -0.44842
42 162 1.29391 -0.483137
45 162 1.24334 -0.516469
48 162 1.18761 -0.547812
51 162 1.12666 -0.576441
54 162 1.06044 -0.601568
57 162 0.988971 -0.622224
60 162 0.912472 -0.637141
63 162 0.831602 -0.64493
66 162 0.747491 -0.644345
69 162 0.661335 -0.63444
72 162 0.574481 -0.613797
75 162 0.490177 -0.581519
78 162 0.410761 -0.539346
81 162 0.33682 -0.488082
84 162 0.267852 -0.427899
87 162 0.208455 -0.353347
90 162 0.161363 -0.278519
93 162 0.123828 -0.188581
96 162 0.107754 -0.0984713
99 162 0.102731 -0.0124635
102 162 0.105393 0.0729761
105 162 0.117375 0.161797
108 162 0.146921 0.254158
111 162 0.195726 0.333118
114 162 0.248161 0.410026
117 162 0.317115 0.475132
120 162 0.39034 0.52981
123 162 0.469391 0.575624
126 162 0.55352 0.611879
129 162 0.641512 0.636781
132 162 0.729688 0.650259
135 162 0.816202 0.653877
138 162 0.899887 0.648646
141 162 0.979478 0.635697
144 162 1.05412 0.616426
147 162 1.12347 0.592167
150 162 1.18745 0.564002
153 162 1.24609 0.5328
156 162 1.29942 0.499296
159 162 1.34753 0.464163
162 162 1.39069 0.427942
165 162 1.42901 0.391161
168 162 1.46281 0.354198
171 162 1.49237 0.317364
174 162 1.51799 0.280834
177 162 1.53996 0.244762
180 162 1.55846 0.209248
183 162 1.57376 0.174286
186 162 1.58612 0.139793
189 162 1.59561 0.105789
192 162 1.60242 0.0721436
195 162 1.60662 0.0387383
198 162 1.60824 0.00554276
0 165 1.55479 -0.00490952
3 165 1.5531 -0.034317
6 165 1.54895 -0.0638962
9 165 1.54224 -0.093605
12 165 1.53289 -0.123585
15 165 1.52081 -0.153992
18 165 1.50588 -0.184734
21 165 1.488 -0.21587
24 165 1.46691 -0.247364
27 165 1.44241 -0.279127
30 165 1.41436 -0.3111
33 165 1.3825 -0.343033
36 165 1.34665 -0.374672
39 165 1.30661 -0.405756
42 165 1.26222 -0.435785
45 165 1.21335 -0.464336
48 165 1.15998 -0.490783
51 165 1.1021 -0.514565
54 165 1.03979 -0.534894
57 165 0.973248 -0.550936
60 165 0.902852 -0.561717
63 165 0.829264 -0.56621
66 165 0.753414 -0.56347
69 165 0.676451 -0.552653
72 165 0.599843 -0.533018
75 165 0.525463 -0.504286
78 165 0.454965 -0.466851
81 165 0.389486 -0.421142
84 165 0.330132 -0.367204
87 165 0.279173 -0.305275
90 165 0.237846 -0.237347
93 165 0.207346 -0.163625
96 165 0.189808 -0.0873213
99 165 0.183461 -0.0110568
102 165 0.186974 0.0651857
105 165 0.20109 0.141821
108 165 0.227903 0.217227
111 165 0.266811 0.287554
114 165 0.315352 0.352118
117 165 0.373258 0.409317
120 165 0.437959 0.458205
123 165 0.508132 0.498853
126 165 0.582695 0.530904
129 165 0.660183 0.553843
132 165 0.738659 0.567676
135 165 0.816479 0.573045
138 165 0.892399 0.57077
141 165 0.965362 0.56177
144 165 1.0346 0.547044
147 165 1.09962 0.527638
150 165 1.16018 0.504419
153 165 1.21614 0.478163
156 165 1.26748 0.449602
159 165 1.31421 0.419268
162 165 1.35642 0.387726
165 165 1.39427 0.355385
168 165 1.42795 0.322657
171 165 1.45761 0.289776
174 165 1.4835 0.257006
177 165 1.50579 0.224392
180 165 1.5248 0.192158
183 165 1.5406 0.160248
186 165 1.55332 0.128704
189 165 1.56321 0.0974808
192 165 1.57026 0.0665169
195 165 1.57463 0.035759
198 165 1.57633 0.00510406
0 168 1.52666 -0.00447845
3 168 1.52492 -0.0313873
6 168 1.5206 -0.0583382
9 168 1.51369 -0.0854759
12 168 1.50409 -0.11282
15 168 1.49169 -0.140369
18 168 1.47648 -0.168137
21 168 1.45825 -0.196205
24 168 1.4369 -0.224483
27 168 1.4123 -0.252846
30 168 1.38422 -0.281189
33 168 1.3526 -0.309368
36 168 1.31726 -0.33708
39 168 1.27808 -0.364054
42 168 1.23496 -0.389904
45 168 1.18789 -0.414215
48 168 1.13689 -0.436474
51 168 1.08199 -0.456113
54 168 1.02343 -0.472486
57 168 0.961431 -0.484902
60 168 0.896491 -0.492578
63 168 0.82922 -0.494751
66 168 0.760486 -0.490668
69 168 0.691315 -0.479725
72 168 0.622946 -0.461475
75 168 0.556772 -0.435719
78 168 0.494127 -0.402576
81 168 0.436226 -0.362316
84 168 0.384295 -0.315253
87 168 0.339715 -0.261969
90 168 0.303654 -0.203449
93 168 0.277128 -0.140804
96 168 0.260864 -0.0756672
99 168 0.254675 -0.00954873
102 168 0.258247 0.0567315
105 168 0.271783 0.122481
108 168 0.295669 0.186405
111 168 0.3295 0.246755
114 168 0.372265 0.302255
117 168 0.422913 0.351851
120 168 0.480069 0.394773
123 168 0.542445 0.430648
126 168 0.608839 0.459166
129 168 0.677943 0.480126
132 168 0.748332 0.493578
135 168 0.818697 0.499893
138 168 0.887913 0.499662
141 168 0.955008 0.493559
144 168 1.0193 0.482381
147 168 1.08025 0.466875
150 168 1.13748 0.447813
153 168 1.19081 0.425859
156 168 1.24012 0.401619
159 168 1.28536 0.375582
162 168 1.32651 0.348274
165 168 1.36373 0.320055
168 168 1.39702 0.29125
171 168 1.42657 0.262121
174 168 1.45254 0.23291
177 168 1.47509 0.203739
180 168 1.49429 0.17474
183 168 1.51038 0.145931
186 168 1.52338 0.11729
189 168 1.53347 0.0889091
192 168 1.54077 0.0607224
195 168 1.5453 0.0326767
198 168 1.54704 0.00467682
0 171 1.50108 -0.00403976
3 171 1.49928 -0.0283356
6 171 1.49489 -0.0527153
9 171 1.48781 -0.0771751
12 171 1.47805 -0.101727
15 171 1.46546 -0.126476
18 171 1.45005 -0.151371
21 171 1.43164 -0.176407
24 171 1.41021 -0.201492
27 171 1.3856 -0.226564
30 171 1.3577 -0.251488
33 171 1.32644 -0.276133
36 171 1.2917 -0.300205
39 171 1.25349 -0.323469
42 171 1.21171 -0.34556
45 171 1.16642 -0.366144
48 171 1.11766 -0.384752
51 171 1.0656 -0.400887
54 171 1.01048 -0.414042
57 171 0.952615 -0.423594
60 171 0.892476 -0.428937
63 171 0.830689 -0.429509
66 171 0.768023 -0.424736
69 171 0.705395 -0.414162
72 171 0.643855 -0.397469
75 171 0.584535 -0.374531
78 171 0.528561 -0.345398
81 171 0.477045 -0.310309
84 171 0.431074 -0.26961
87 171 0.391718 -0.223845
90 171 0.359922 -0.173795
93 171 0.336466 -0.120423
96 171 0.321852 -0.0648457
99 171 0.316234 -0.00815855
102 171 0.319607 0.0487149
105 171 0.331999 0.104887
108 171 0.353362 0.159308
111 171 0.383331 0.210819
114 171 0.421212 0.258378
117 171 0.466104 0.301126
120 171 0.516969 0.338417
123 171 0.572728 0.369818
126 171 0.632263 0.395054
129 171 0.694424 0.41398
132 171 0.758073 0.426654
135 171 0.822113 0.433342
138 171 0.885537 0.434426
141 171 0.947523 0.430466
144 171 1.00737 0.422009
147 171 1.06457 0.409704
150 171 1.11871 0.394143
153 171 1.16953 0.375864
156 171 1.21685 0.355381
159 171 1.26055 0.333212
162 171 1.30062 0.309727
165 171 1.33704 0.285254
168 171 1.36983 0.260118
171 171 1.39916 0.23457
174 171 1.42503 0.208782
177 171 1.44757 0.182903
180 171 1.4669 0.157089
183 171 1.48312 0.131302
186 171 1.49636 0.105671
189 171 1.50663 0.080143
192 171 1.51402 0.0547523
195 171 1.51863 0.0294685
198 171 1.5204 0.00421143
0 174 1.47809 -0.00358582
3 174 1.47626 -0.0252686
6 174 1.47186 -0.0469589
9 174 1.46468 -0.0687294
12 174 1.45475 -0.090519
15 174 1.44206 -0.112469
18 174 1.42653 -0.134418
21 174 1.40808 -0.156483
24 174 1.38667 -0.178513
27 174 1.36216 -0.20042
30 174 1.33455 -0.222149
33 174 1.30374 -0.243414
36 174 1.26971 -0.264124
39 174 1.23247 -0.284002
42 174 1.192 -0.302771
45 174 1.14839 -0.320047
48 174 1.10177 -0.335474
51 174 1.05232 -0.348665
54 174 1.00031 -0.359169
57 174 0.94609 -0.366471
60 174 0.890156 -0.370115
63 174 0.833074 -0.369634
66 174 0.77556 -0.364609
69 174 0.718419 -0.35472
72 174 0.66256 -0.339724
75 174 0.608937 -0.31953
78 174 0.558542 -0.294203
81 174 0.512328 -0.263929
84 174 0.471234 -0.229038
87 174 0.436139 -0.190011
90 174 0.407822 -0.147481
93 174 0.386909 -0.102217
96 174 0.373835 -0.055076
99 174 0.368824 -0.00693056
102 174 0.371951 0.0413846
105 174 0.383197 0.0890411
108 174 0.402407 0.135168
111 174 0.429235 0.178879
114 174 0.463116 0.21936
117 174 0.50332 0.255913
120 174 0.548998 0.287991
123 174 0.599231 0.315199
126 174 0.653035 0.337283
129 174 0.709442 0.354125
132 174 0.767454 0.365778
135 174 0.826144 0.37239
138 174 0.884627 0.374299
141 174 0.942166 0.371846
144 174 0.998115 0.365527
147 174 1.05195 0.355803
150 174 1.10327 0.343151
153 174 1.15175 0.328062
156 174 1.19717 0.310919
159 174 1.23938 0.29217
162 174 1.27834 0.272131
165 174 1.31392 0.251133
168 174 1.3462 0.229414
171 174 1.37514 0.207232
174 174 1.40079 0.184738
177 174 1.42328 0.162083
180 174 1.44263 0.139332
183 174 1.45893 0.116604
186 174 1.47224 0.0939255
189 174 1.4826 0.0712891
192 174 1.49008 0.0487137
195 174 1.49473 0.0262299
198 174 1.49657 0.00374603
0 177 1.45778 -0.00316238
3 177 1.45598 -0.0220757
6 177 1.45148 -0.0411339
9 177 1.44425 -0.0601692
12 177 1.43431 -0.0792046
15 177 1.42152 -0.0983086
18 177 1.40596 -0.117458
21 177 1.38754 -0.136585
24 177 1.36618 -0.155628
27 177 1.34187 -0.174519
30 177 1.31455 -0.19314
33 177 1.28428 -0.211334
36 177 1.25094 -0.228903
39 177 1.21464 -0.245672
42 177 1.17542 -0.2614
45 177 1.1334 -0.275761
48 177 1.08873 -0.288471
51 177 1.0416 -0.29916
54 177 0.992351 -0.30745
57 177 0.941336 -0.312992
60 177 0.888999 -0.315394
63 177 0.835915 -0.314297
66 177 0.782735 -0.309386
69 177 0.730177 -0.300391
72 177 0.679031 -0.287189
75 177 0.63014 -0.269688
78 177 0.584347 -0.247964
81 177 0.542498 -0.222179
84 177 0.505388 -0.19261
87 177 0.473772 -0.159683
90 177 0.448296 -0.123898
93 177 0.429494 -0.085874
96 177 0.417742 -0.0462891
99 177 0.413273 -0.00585205
102 177 0.416173 0.0347274
105 177 0.42641 0.0747375
108 177 0.443812 0.113464
111 177 0.468065 0.150208
114 177 0.498684 0.184313
117 177 0.53506 0.215217
120 177 0.576483 0.242473
123 177 0.622143 0.265724
126 177 0.671224 0.284777
129 177 0.722847 0.299514
132 177 0.776168 0.309955
135 177 0.83038 0.316203
138 177 0.884691 0.318491
141 177 0.938413 0.317134
144 177 0.990979 0.312448
147 177 1.04185 0.304811
150 177 1.09065 0.294645
153 177 1.13702 0.28228
156 177 1.18069 0.268076
159 177 1.22153 0.252384
162 177 1.25938 0.23551
165 177 1.29414 0.217709
168 177 1.32582 0.199198
171 177 1.35436 0.180212
174 177 1.3798 0.160877
177 177 1.40212 0.141273
180 177 1.42139 0.121601
183 177 1.4377 0.101856
186 177 1.45104 0.0821037
189 177 1.46144 0.0623512
192 177 1.469 0.0426521
195 177 1.47367 0.0229454
198 177 1.47548 0.00327682
0 180 1.44016 -0.00270844
3 180 1.43837 -0.0189781
6 180 1.43383 -0.0352516
9 180 1.42658 -0.0515289
12 180 1.41658 -0.0678749
15 180 1.40386 -0.0841408
18 180 1.38824 -0.100506
21 180 1.36986 -0.116741
24 180 1.34866 -0.132912
27 180 1.32456 -0.148842
30 180 1.29763 -0.164524
33 180 1.26781 -0.179771
36 180 1.23517 -0.194483
39 180 1.19979 -0.208439
42 180 1.16172 -0.22138
45 180 1.12108 -0.233141
48 180 1.07812 -0.243441
51 180 1.03306 -0.252012
54 180 0.986187 -0.258512
57 180 0.937889 -0.262674
60 180 0.888625 -0.264192
63 180 0.83889 -0.262779
66 180 0.789314 -0.258204
69 180 0.740531 -0.250308
72 180 0.693263 -0.23894
75 180 0.648242 -0.224082
78 180 0.606216 -0.205785
81 180 0.567923 -0.1842
84 180 0.534055 -0.159564
87 180 0.505256 -0.132211
90 180 0.482089 -0.102551
93 180 0.465011 -0.0710863
96 180 0.454358 -0.0383467
99 180 0.450342 -0.00490646
102 180 0.453048 0.0286519
105 180 0.46244 0.0617383
108 180 0.478359 0.0937717
111 180 0.500512 0.124192
114 180 0.528488 0.152488
117 180 0.561762 0.178208
120 180 0.59971 0.200968
123 180 0.641649 0.220507
126 180 0.686847 0.236619
129 180 0.734567 0.249232
132 180 0.784015 0.258321
135 180 0.834512 0.263991
138 180 0.885331 0.2664
141 180 0.935855 0.265752
144 180 0.98553 0.262317
147 180 1.03385 0.256388
150 180 1.08044 0.248291
153 180 1.12493 0.238306
156 180 1.16708 0.226715
159 180 1.20664 0.213793
162 180 1.24347 0.19982
165 180 1.27747 0.184988
168 180 1.30856 0.169498
171 180 1.33668 0.15353
174 180 1.36181 0.137173
177 180 1.38398 0.120628
180 180 1.40317 0.103916
183 180 1.41941 0.0870972
186 180 1.4327 0.07024
189 180 1.44316 0.0533943
192 180 1.45071 0.0365143
195 180 1.45536 0.0196342
198 180 1.4572 0.0028038
0 183 1.42525 -0.00226593
3 183 1.42346 -0.0158081
6 183 1.41891 -0.029335
9 183 1.41166 -0.0429344
12 183 1.40162 -0.0564651
15 183 1.38891 -0.0700455
18 183 1.37333 -0.0835571
21 183 1.35508 -0.0970192
24 183 1.334 -0.110359
27 183 1.31016 -0.123499
30 183 1.28353 -0.136366
33 183 1.25418 -0.148861
36 183 1.22218 -0.160784
39 183 1.18759 -0.172091
42 183 1.15052 -0.182592
45 183 1.11114 -0.192007
48 183 1.06966 -0.200195
51 183 1.02633 -0.206898
54 183 0.981479 -0.211915
57 183 0.93546 -0.21499
60 183 0.888703 -0.215892
63 183 0.841738 -0.214422
66 183 0.795102 -0.210389
69 183 0.749399 -0.20368
72 183 0.705256 -0.194186
75 183 0.663358 -0.181913
78 183 0.624366 -0.166907
81 183 0.588924 -0.149275
84 183 0.557649 -0.129231
87 183 0.531106 -0.107035
90 183 0.509788 -0.0830138
93 183 0.494095 -0.057551
96 183 0.484331 -0.0310854
99 183 0.48068 -0.00405853
102 183 0.483226 0.02306
105 183 0.491934 0.0498025
108 183 0.506653 0.075708
111 183 0.527124 0.100332
114 183 0.552989 0.123272
117 183 0.583774 0.14417
120 183 0.618944 0.162732
123 183 0.6579 0.178733
126 183 0.699986 0.192004
129 183 0.744512 0.202483
132 183 0.790844 0.210144
135 183 0.838308 0.215076
138 183 0.886261 0.217358
141 183 0.934139 0.217167
144 183 0.981409 0.214706
147 183 1.02761 0.210194
150 183 1.07233 0.203846
153 183 1.11523 0.195948
156 183 1.15601 0.186678
159 183 1.19448 0.176292
162 183 1.23039 0.164972
165 183 1.2637 0.152912
168 183 1.29424 0.140295
171 183 1.32196 0.127186
174 183 1.34681 0.113789
177 183 1.3688 0.100105
180 183 1.38786 0.0863075
183 183 1.40401 0.0723991
186 183 1.41729 0.0584412
189 183 1.42772 0.0444069
192 183 1.43526 0.030407
195 183 1.43993 0.0164108
198 183 1.44179 0.00233078
0 186 1.41308 -0.00180817
3 186 1.41127 -0.0125618
6 186 1.40671 -0.0234871
9 186 1.39946 -0.0343437
12 186 1.38942 -0.0451393
15 186 1.3767 -0.0559807
18 186 1.36124 -0.0667114
21 186 1.34305 -0.0773735
24 186 1.32212 -0.0879707
27 186 1.29849 -0.0984001
30 186 1.27218 -0.108566
33 186 1.24326 -0.118404
36 186 1.21178 -0.127796
39 186 1.17788 -0.136639
42 186 1.14166 -0.144766
45 186 1.10332 -0.1521
48 186 1.06307 -0.158386
51 186 1.02116 -0.163504
54 186 0.977934 -0.16725
57 186 0.933747 -0.169475
60 186 0.889049 -0.16999
63 186 0.844282 -0.168612
66 186 0.799975 -0.165271
69 186 0.756695 -0.159822
72 186 0.715036 -0.152245
75 186 0.67559 -0.142495
78 186 0.638967 -0.130641
81 186 0.605762 -0.11678
84 186 0.57651 -0.101062
87 186 0.551732 -0.0836818
90 186 0.531856 -0.0649099
93 186 0.517249 -0.045037
96 186 0.508181 -0.0243791
99 186 0.504818 -0.00329515
102 186 0.507239 0.0178584
105 186 0.515407 0.0387211
108 186 0.529187 0.0589383
111 186 0.548345 0.0781739
114 186 0.57256 0.0961137
117 186 0.601403 0.112491
120 186 0.634404 0.127078
123 186 0.671011 0.139685
126 186 0.710641 0.1502
129 186 0.752682 0.15856
132 186 0.796553 0.164753
135 186 0.8416 0.1688
138 186 0.887292 0.170791
141 186 0.933044 0.170866
144 186 0.978382 0.169125
147 186 1.02285 0.165792
150 186 1.06604 0.161009
153 186 1.10761 0.154926
156 186 1.14729 0.147804
159 186 1.18481 0.139706
162 186 1.21998 0.130873
165 186 1.2527 0.12146
168 186 1.28273 0.111504
171 186 1.31011 0.101171
174 186 1.33468 0.0905724
177 186 1.35644 0.0797653
180 186 1.37539 0.0687981
183 186 1.39148 0.057724
186 186 1.40474 0.0465889
189 186 1.41512 0.0354309
192 186 1.42261 0.0242538
195 186 1.42733 0.0130463
198 186 1.42917 0.00187683
0 189 1.4036 -0.00135803
3 189 1.40181 -0.00943375
6 189 1.39725 -0.0175552
9 189 1.38997 -0.0256958
12 189 1.37998 -0.0337906
15 189 1.36729 -0.0418854
18 189 1.35187 -0.0499535
21 189 1.33374 -0.0579643
24 189 1.313 -0.0658226
27 189 1.28951 -0.0735836
30 189 1.26346 -0.0810986
33 189 1.23489 -0.0883636
36 189 1.20386 -0.0953045
39 189 1.17049 -0.101875
42 189 1.13495 -0.107843
45 189 1.09742 -0.113195
48 189 1.05812 -0.117767
51 189 1.01734 -0.121447
54 189 0.97537 -0.124142
57 189 0.932606 -0.125669
60 189 0.889459 -0.125943
63 189 0.846371 -0.124823
66 189 0.803836 -0.122243
69 189 0.762406 -0.118129
72 189 0.722601 -0.112439
75 189 0.685009 -0.105189
78 189 0.650169 -0.0963998
81 189 0.618635 -0.0861387
84 189 0.590909 -0.0745287
87 189 0.567449 -0.0617259
90 189 0.548655 -0.0478978
93 189 0.534864 -0.0332798
96 189 0.526317 -0.0180972
99 189 0.523173 -0.00259761
102 189 0.525497 0.0129545
105 189 0.53326 0.0282959
108 189 0.546338 0.0431678
111 189 0.564511 0.0573244
114 189 0.587488 0.0705438
117 189 0.614876 0.0826273
120 189 0.646246 0.0934052
123 189 0.68109 0.102753
126 189 0.718885 0.110585
129 189 0.759055 0.116828
132 189 0.801036 0.121499
135 189 0.844282 0.124607
138 189 0.88824 0.126189
141 189 0.932372 0.126367
144 189 0.976226 0.125211
147 189 1.01935 0.122854
150 189 1.06136 0.119396
153 189 1.1019 0.115015
156 189 1.14068 0.109814
159 189 1.17749 0.103918
162 189 1.21203 0.0974426
165 189 1.24424 0.0904484
168 189 1.27391 0.0831108
171 189 1.30094 0.0754948
174 189 1.32535 0.0676117
177 189 1.34691 0.0595894
180 189 1.36578 0.0514069
183 189 1.38182 0.0431671
186 189 1.39498 0.034832
189 189 1.40533 0.0265236
192 189 1.41288 0.0181808
195 189 1.41757 0.00976181
198 189 1.41936 0.00136948
0 192 1.39681 -0.000892639
3 192 1.39503 -0.00637054
6 192 1.39045 -0.0117149
9 192 1.38324 -0.0171394
12 192 1.37321 -0.0225372
15 192 1.36059 -0.0278473
18 192 1.34519 -0.0332298
21 192 1.32714 -0.0384979
24 192 1.30647 -0.0437622
27 192 1.28315 -0.0488377
30 192 1.2573 -0.0539131
33 192 1.22897 -0.0587521
36 192 1.19825 -0.0632858
39 192 1.1653 -0.0675411
42 192 1.13025 -0.0715656
45 192 1.09331 -0.0750294
48 192 1.05468 -0.0780334
51 192 1.0147 -0.0804367
54 192 0.973643 -0.0821676
57 192 0.931885 -0.0831394
60 192 0.889822 -0.0832577
63 192 0.84791 -0.0824928
66 192 0.806633 -0.0807476
69 192 0.766479 -0.0779963
72 192 0.727983 -0.0742245
75 192 0.691678 -0.0694132
78 192 0.658083 -0.0635996
81 192 0.627715 -0.05685
84 192 0.601038 -0.0492034
87 192 0.578496 -0.0407834
90 192 0.560459 -0.0317037
93 192 0.547233 -0.0220883
96 192 0.539048 -0.0121139
99 192 0.536056 -0.00193575
102 192 0.538315 0.0082733
105 192 0.545793 0.0183445
108 192 0.558382 0.0281174
111 192 0.575876 0.0374248
114 192 0.597993 0.0461235
117 192 0.624372 0.0540719
120 192 0.654613 0.0611897
123 192 0.688229 0.0673647
126 192 0.724741 0.0725431
129 192 0.763607 0.0767059
132 192 0.80429 0.0798292
135 192 0.846253 0.0819292
138 192 0.888991 0.0830431
141 192 0.931991 0.0831842
144 192 0.974783 0.0825062
147 192 1.01695 0.0809994
150 192 1.05812 0.0787735
153 192 1.09794 0.0759277
156 192 1.13608 0.0725403
159 192 1.17233 0.0686722
162 192 1.20647 0.0644283
165 192 1.23829 0.059864
168 192 1.26768 0.0550022
171 192 1.29453 0.0499687
174 192 1.31872 0.0448112
177 192 1.34024 0.0394745
180 192 1.35898 0.0341072
183 192 1.37493 0.0286217
186 192 1.38807 0.0231667
189 192 1.39841 0.0175629
192 192 1.4059 0.0120697
195 192 1.41058 0.00651932
198 192 1.41241 0.000892639
0 195 1.39276 -0.000457764
3 195 1.39095 -0.00310516
6 195 1.38642 -0.00580215
9 195 1.37917 -0.00853348
12 195 1.36921 -0.0111923
15 195 1.35656 -0.0139503
18 195 1.34126 -0.0165825
21 195 1.32322 -0.0192451
24 195 1.30259 -0.0218315
27 195 1.27937 -0.0244198
30 195 1.25362 -0.0268536
33 195 1.22544 -0.0292702
36 195 1.19493 -0.0316048
39 195 1.16221 -0.0337467
42 195 1.12745 -0.0356579
45 195 1.09087 -0.0374184
48 195 1.05266 -0.0389023
51 195 1.01316 -0.0400906
54 195 0.972631 -0.0409555
57 195 0.931466 -0.0414228
60 195 0.890068 -0.0414963
63 195 0.848857 -0.0411043
66 195 0.808308 -0.0402546
69 195 0.768912 -0.038888
72 195 0.731195 -0.0370274
75 195 0.69565 -0.0346546
78 195 0.662782 -0.0317826
81 195 0.633101 -0.0284395
84 195 0.607049 -0.0246673
87 195 0.585046 -0.0204892
90 195 0.567451 -0.0160065
93 195 0.554558 -0.0112734
96 195 0.546589 -0.00634348
99 195 0.543684 -0.00131579
102 195 0.545906 0.00373322
105 195 0.55322 0.00871539
108 195 0.565521 0.0135419
111 195 0.582613 0.0181406
114 195 0.60422 0.02244
117 195 0.63001 0.026381
120 195 0.659583 0.0299025
123 195 0.69249 0.03297
126 195 0.728241 0.0355325
129 195 0.766326 0.0376139
132 195 0.806246 0.0391788
135 195 0.847458 0.0402164
138 195 0.889474 0.0407858
141 195 0.931798 0.0408983
144 195 0.973958 0.0405741
147 195 1.01558 0.0398731
150 195 1.05623 0.0388012
153 195 1.09559 0.0374012
156 195 1.13339 0.0357647
159 195 1.1693 0.0338612
162 195 1.20316 0.0317612
165 195 1.23479 0.0295181
168 195 1.264 0.0271931
171 195 1.29072 0.0246754
174 195 1.31481 0.0221176
177 195 1.33622 0.0194893
180 195 1.35493 0.0167885
183 195 1.37083 0.0140953
186 195 1.38398 0.0113602
189 195 1.39428 0.00868988
192 195 1.40176 0.00591278
195 195 1.40641 0.00313187
198 195 1.40824 0.000484467
0 198 1.39144 1.90735e-05
3 198 1.38962 -6.10352e-05
6 198 1.38509 -2.67029e-05
9 198 1.37782 7.62939e-05
12 198 1.36787 9.15527e-05
15 198 1.35522 8.39233e-05
18 198 1.33989 9.15527e-05
21 198 1.3219 1.52588e-05
24 198 1.30128 0.0001297
27 198 1.2781 4.19617e-05
30 198 1.2524 6.48499e-05
33 198 1.22426 9.15527e-05
36 198 1.19381 4.95911e-05
39 198 1.16117 1.14441e-05
42 198 1.12652 5.72205e-06
45 198 1.09004 -4.3869e-05
48 198 1.05197 -4.19617e-05
51 198 1.01262 -9.53674e-05
54 198 0.972271 -0.00012207
57 198 0.93131 -0.000163078
60 198 0.89012 -0.00019455
63 198 0.849147 -0.00023365
66 198 0.808843 -0.000264168
69 198 0.769706 -0.00032711
72 198 0.732229 -0.000333786
75 198 0.696936 -0.000377178
78 198 0.664319 -0.000422001
81 198 0.634862 -0.000464916
84 198 0.609016 -0.000509739
87 198 0.587193 -0.000559807
90 198 0.569744 -0.000585794
93 198 0.55696 -0.000617743
96 198 0.549063 -0.000662982
99 198 0.546189 -0.000700369
102 198 0.548397 -0.00074023
105 198 0.55566 -0.000774145
108 198 0.567868 -0.000807524
111 198 0.584826 -0.000831842
114 198 0.60627 -0.000855207
117 198 0.631866 -0.000877857
120 198 0.66122 -0.000917435
123 198 0.693886 -0.000925541
126 198 0.729391 -0.000934601
129 198 0.767229 -0.000951767
132 198 0.806897 -0.000964165
135 198 0.847859 -0.000937462
138 198 0.889638 -0.000956535
141 198 0.931741 -0.000950813
144 198 0.97371 -0.000922203
147 198 1.01514 -0.000934601
150 198 1.05562 -0.000902176
153 198 1.09485 -0.000865936
156 198 1.13251 -0.000858307
159 198 1.16833 -0.000764847
162 198 1.2021 -0.000732422
165 198 1.23366 -0.000740051
168 198 1.26283 -0.000682831
171 198 1.28948 -0.000558853
174 198 1.31355 -0.000572205
177 198 1.33495 -0.000434875
180 198 1.35362 -0.000411987
183 198 1.3695 -0.000270844
186 198 1.38261 -0.000282288
189 198 1.39292 -0.000137329
192 198 1.40043 -0.000144958
195 198 1.40507 -4.95911e-05
198 198 1.40691 1.52588e-05
